50
2 20 10
1 15
1 12
1 16
0 14
0 9
0 2
0 7
1 19
0 5
0 15
20 32 202
13 15
16 20
11 2
18 7
2 26
7 3
5 21
4 16
13 8
4 13
8 18
6 2
9 21
11 25
15 2
11 15
16 7
11 8
7 11
5 20
19 11
1 19
6 3
11 27
14 19
9 17
2 13
6 30
6 28
9 30
2 23
10 16
0 14
19 25
4 2
4 17
16 18
7 24
18 24
5 7
9 10
13 10
16 22
10 8
6 8
2 11
2 31
8 31
7 12
17 5
5 22
12 27
8 12
1 28
2 8
8 17
13 18
7 5
13 25
8 11
16 30
12 12
5 19
0 10
18 5
16 28
16 25
2 2
3 21
8 14
9 19
3 20
11 9
1 8
16 3
18 16
16 19
17 26
17 27
3 9
12 23
5 28
17 8
1 24
3 28
12 28
19 6
13 12
7 31
15 13
14 18
4 19
2 7
3 1
17 15
0 24
15 24
18 1
13 0
5 6
17 25
14 23
7 26
13 6
8 21
2 17
10 30
12 4
0 11
6 4
14 8
4 3
11 10
17 19
16 4
7 13
14 14
18 0
3 4
0 1
6 10
0 30
11 31
0 18
7 25
4 30
15 21
14 21
8 28
1 21
1 2
3 30
4 8
5 12
0 22
3 11
1 31
17 0
16 2
10 27
13 11
14 3
2 28
12 15
0 25
15 9
18 23
2 4
9 5
14 5
15 17
10 19
19 16
19 17
15 27
17 23
12 26
19 10
10 15
18 18
6 18
6 22
12 1
7 21
11 6
4 18
19 5
9 31
18 30
0 9
14 17
9 2
16 17
8 22
2 20
11 21
9 3
5 11
2 16
18 9
0 20
14 20
12 21
14 9
9 8
1 13
19 13
18 22
6 31
5 15
16 29
17 7
13 14
5 25
3 29
19 24
18 19
17 18
7 10
17 31
5 26
8 16
22 6 33
11 2
13 1
2 5
15 1
1 3
11 4
7 0
12 5
17 4
0 5
5 3
7 2
12 0
8 2
1 4
8 3
1 1
20 0
19 1
18 1
0 4
6 4
3 4
17 1
19 4
15 4
21 0
9 0
14 4
11 1
4 3
0 1
6 1
2 35 30
0 23
0 29
0 14
0 3
0 24
1 24
0 28
0 5
0 13
0 11
0 8
1 1
0 26
0 22
1 22
0 27
0 12
1 28
1 14
0 31
1 29
0 33
0 34
0 0
0 16
1 17
1 9
1 0
0 25
0 15
12 12 41
11 11
2 2
10 2
6 5
2 5
11 10
4 11
1 9
1 0
7 3
3 2
2 4
4 10
10 3
6 9
4 5
4 7
5 8
0 1
10 9
4 3
0 10
11 8
8 1
10 0
7 2
3 6
4 8
8 6
9 10
6 2
3 11
3 5
5 6
8 0
3 8
5 5
9 9
9 6
0 6
0 11
29 13 111
23 8
4 8
20 8
10 0
1 2
9 1
10 1
24 12
9 4
23 7
2 6
5 10
23 1
18 10
25 12
25 4
26 4
10 9
16 9
7 7
5 6
18 7
8 2
4 0
19 11
16 3
23 3
19 7
22 7
20 12
18 12
11 7
19 8
11 2
2 1
19 1
27 5
19 6
6 2
24 4
10 7
5 11
26 11
9 3
17 11
13 12
21 4
20 11
2 9
14 4
15 8
17 2
13 11
21 5
0 2
15 6
22 1
17 8
23 0
7 4
8 4
12 5
12 1
13 10
15 11
24 6
24 2
0 12
2 11
9 0
0 4
4 11
3 3
22 9
28 4
3 1
25 1
5 1
3 12
13 7
7 2
17 12
23 11
14 10
19 2
23 12
3 7
25 7
8 6
20 7
6 9
2 4
24 3
19 9
12 6
10 2
14 9
9 5
7 8
27 10
11 6
12 9
20 3
6 4
3 9
17 1
3 8
0 5
5 9
21 2
3 6
15 27 193
5 0
9 2
14 10
8 2
12 6
8 5
10 8
8 0
14 4
3 18
6 7
14 11
11 8
14 22
2 11
1 21
4 18
14 17
4 20
11 26
1 25
4 10
14 24
12 25
6 4
5 9
8 3
5 24
8 11
4 1
7 25
13 16
11 16
10 20
10 3
1 9
3 4
4 11
4 14
1 15
12 17
10 26
11 18
11 9
6 16
6 5
13 25
3 10
2 12
5 2
12 21
11 0
9 6
2 0
3 13
1 19
5 21
3 25
13 13
11 24
0 18
2 2
0 20
12 16
3 23
13 2
7 0
1 5
5 14
2 25
6 19
11 12
8 8
1 22
10 7
9 0
11 2
12 9
3 3
12 3
2 21
11 14
0 8
1 6
5 7
9 25
7 21
6 6
5 13
13 19
5 23
5 19
11 5
9 1
13 7
7 4
10 13
0 3
13 18
6 12
14 19
4 24
4 7
3 14
11 11
1 17
5 15
11 17
3 21
13 21
13 24
12 10
7 1
9 4
8 9
8 16
0 21
14 2
12 0
3 19
8 25
3 2
14 15
13 12
4 0
13 11
11 23
6 25
6 26
13 8
9 26
0 24
4 2
9 3
1 26
6 9
13 10
3 20
13 9
6 11
2 3
7 9
7 23
14 3
8 18
12 5
13 14
3 24
1 20
12 12
3 22
7 24
1 10
7 19
3 26
4 17
14 25
9 7
5 8
3 8
3 1
11 3
4 21
4 15
12 7
6 13
0 9
12 13
0 12
14 16
14 26
7 16
9 12
1 8
6 14
12 14
9 10
6 22
6 0
10 19
14 23
3 6
5 6
10 0
9 22
7 6
13 1
7 8
0 2
7 11
0 13
8 23
8 6
3 7 8
2 4
0 6
2 2
0 5
0 3
1 0
2 3
2 0
28 11 106
14 1
25 10
26 8
16 4
25 2
18 7
9 6
19 9
7 6
19 3
23 9
17 1
24 0
7 10
25 3
12 0
24 9
14 10
13 5
14 3
15 5
12 4
1 5
12 2
2 9
18 1
26 4
8 1
17 0
22 3
2 7
6 3
20 5
14 6
21 0
26 10
13 1
17 8
2 6
12 10
7 4
21 6
2 10
24 6
16 5
21 1
5 3
5 0
9 2
20 9
7 0
1 10
22 8
3 4
18 4
26 7
5 7
22 1
3 3
27 1
0 1
4 9
17 7
22 5
23 5
11 9
21 4
5 5
4 2
12 1
7 9
7 5
1 3
17 9
18 5
15 0
5 8
20 10
10 5
13 4
11 4
17 6
26 9
5 9
11 8
20 2
4 6
0 6
12 5
20 0
17 4
14 5
4 0
27 4
27 10
19 5
1 7
25 4
4 7
3 8
10 3
26 2
14 2
25 9
20 4
6 7
2 26 16
0 4
0 0
0 21
0 7
1 23
1 6
0 8
1 14
1 1
0 9
1 5
1 25
0 15
0 14
1 11
1 21
33 35 509
7 11
25 10
6 0
11 4
13 20
6 9
31 6
3 0
7 13
8 7
15 7
29 11
0 18
18 6
17 32
3 24
6 21
7 33
16 24
5 27
14 30
20 13
16 27
22 29
20 25
19 11
20 17
21 15
17 3
19 34
32 33
10 29
6 19
10 2
21 28
31 16
8 5
26 17
24 10
28 5
14 13
3 21
24 1
25 29
19 10
30 7
14 26
16 10
10 18
27 3
18 32
10 28
13 24
13 33
23 15
3 6
23 20
25 6
22 8
28 20
20 4
32 28
32 31
29 16
8 14
20 20
21 18
24 9
1 26
10 26
31 22
2 6
13 4
19 31
7 7
0 24
4 22
11 15
1 7
5 7
23 28
10 3
12 20
8 13
26 27
6 12
17 9
13 7
25 12
19 9
2 22
9 16
8 8
25 33
15 17
31 25
7 15
18 5
18 4
18 29
22 4
1 11
32 2
12 9
10 10
0 0
6 22
9 34
12 26
23 8
0 28
13 23
14 17
32 0
14 27
23 1
14 8
28 27
2 26
1 32
1 13
2 1
26 24
25 2
5 17
0 9
17 28
32 3
9 23
12 22
20 6
15 31
20 30
4 32
15 26
31 15
20 8
2 9
7 22
16 12
28 10
7 3
0 4
3 14
27 33
24 33
32 5
2 28
6 20
3 12
14 32
10 0
31 8
7 29
14 24
6 13
8 21
5 8
12 23
16 20
26 18
9 7
28 8
27 18
7 30
1 15
22 30
10 25
31 23
16 3
4 19
23 13
15 20
8 0
8 22
16 26
13 22
22 19
9 30
9 28
25 19
1 27
6 1
9 11
9 33
24 11
6 32
1 24
32 8
30 9
3 3
21 17
15 10
22 17
30 2
20 15
1 29
15 1
22 0
28 18
18 33
21 31
16 23
2 25
17 15
27 15
32 4
3 33
15 27
21 34
14 21
11 18
15 12
2 34
20 21
2 19
11 23
31 26
12 24
19 5
27 12
27 7
20 10
19 25
19 12
24 22
13 30
28 19
19 24
21 6
0 21
4 26
1 3
14 3
32 20
6 23
21 26
0 29
20 12
8 27
29 22
0 16
4 0
15 3
16 17
1 30
12 2
6 26
10 17
25 34
28 21
31 7
23 19
14 10
14 34
23 26
7 12
30 20
19 4
8 2
15 18
5 28
31 20
27 20
17 27
28 9
3 15
26 21
13 14
8 32
28 0
30 16
16 0
32 1
30 25
19 33
4 25
10 33
19 2
24 0
17 18
4 33
14 6
7 19
15 14
19 21
5 34
2 17
31 11
19 22
1 34
17 29
29 3
20 3
16 2
7 27
15 34
18 26
29 29
15 25
10 15
10 7
26 4
27 22
10 5
21 14
23 6
14 22
2 2
18 8
21 7
3 30
4 16
6 25
6 8
9 21
12 14
21 20
10 21
22 13
23 9
1 8
27 26
10 4
22 7
18 17
28 31
25 24
25 18
18 25
2 33
15 8
26 11
7 9
15 6
1 23
6 4
31 28
28 33
13 9
24 31
32 27
15 15
21 32
16 14
18 24
0 10
6 5
10 22
25 8
4 13
26 6
10 6
2 24
12 30
24 23
8 12
23 16
22 11
32 25
8 28
1 20
15 24
25 27
5 24
9 2
8 18
13 28
28 30
4 11
3 17
15 0
28 12
3 20
19 1
7 10
30 33
23 0
8 15
9 32
28 3
8 3
16 11
22 28
2 11
1 17
9 12
16 32
27 10
1 16
3 11
12 29
25 11
25 25
24 12
20 33
20 28
22 31
31 32
14 15
4 14
13 18
2 10
4 7
11 28
8 33
3 22
28 22
29 26
24 24
32 15
3 19
24 7
24 34
10 9
2 18
17 0
25 23
1 28
13 25
10 23
17 14
19 16
11 20
6 7
11 3
27 19
20 22
21 0
3 29
5 25
11 29
23 30
27 6
5 12
24 14
8 19
5 26
30 5
9 0
5 1
30 28
22 16
19 8
5 2
7 14
12 11
13 8
21 21
11 34
23 24
11 19
12 33
15 29
21 2
1 33
4 8
30 18
14 12
25 20
12 1
22 24
25 15
20 18
27 29
20 19
17 11
4 20
3 2
9 5
9 3
5 31
9 9
26 9
31 17
30 30
25 22
20 31
18 13
0 14
11 12
28 23
26 30
23 7
1 5
24 27
29 17
30 32
19 23
26 2
32 23
18 1
17 5
15 30
28 2
32 21
0 33
18 21
15 9
11 9
20 26
17 17
6 18
27 24
4 3
8 6
26 34
27 30
17 23
11 16 64
1 0
6 12
2 14
7 15
4 7
2 4
6 3
1 8
9 9
7 3
1 6
3 13
4 14
6 0
3 7
8 1
7 1
10 14
10 7
9 1
10 15
5 1
4 12
2 3
8 3
4 3
1 15
8 13
5 2
2 15
4 11
5 7
10 10
5 8
3 8
4 2
4 10
7 4
3 6
9 6
2 12
0 0
10 8
8 6
0 10
7 6
10 4
8 2
1 9
5 6
6 8
10 12
5 12
10 9
8 4
4 6
1 12
6 11
8 0
3 15
0 14
3 1
8 8
9 8
17 37 166
12 6
11 36
6 8
15 24
2 3
6 27
11 10
0 1
0 26
3 20
3 33
10 16
10 19
3 27
5 10
6 35
8 17
7 10
14 20
9 6
0 9
3 6
9 32
2 30
10 5
8 14
6 18
10 27
15 23
1 26
8 15
16 35
11 34
4 26
1 2
3 12
5 5
13 34
2 32
0 24
10 25
12 29
3 26
11 8
14 29
16 25
3 4
10 23
9 2
13 29
13 17
8 16
8 33
5 6
2 10
11 2
9 18
5 0
12 21
2 8
9 34
2 26
1 9
8 36
7 25
2 23
13 19
16 29
12 7
3 3
9 22
6 10
9 13
13 16
5 33
5 17
4 12
3 36
16 32
5 32
12 12
11 21
10 9
5 30
3 25
8 18
11 18
2 28
16 17
5 26
1 7
6 3
16 28
3 14
11 15
8 20
0 22
13 8
5 25
4 8
0 31
10 2
11 23
14 7
7 21
8 0
3 23
9 10
14 34
13 7
7 24
12 19
4 29
16 33
7 7
12 32
12 31
8 25
6 14
1 14
10 28
16 21
14 25
5 2
15 12
7 26
2 20
8 2
8 6
7 36
9 7
7 31
5 23
13 33
9 25
5 13
13 10
15 20
15 25
13 22
6 33
5 3
5 19
8 27
7 34
6 11
2 5
8 7
7 32
14 18
16 27
12 15
1 33
12 30
14 33
2 22
11 17
3 21
9 30
4 4
4 13
12 5
6 20
14 10
3 0
1 24
14 22 102
12 1
13 1
10 18
13 6
1 9
5 9
7 5
1 19
4 21
4 10
0 18
5 15
3 13
6 13
10 4
6 5
12 9
7 15
10 3
6 15
8 15
10 5
3 17
0 10
1 2
12 7
2 12
4 9
7 20
12 17
11 15
12 14
3 8
2 8
1 18
2 19
3 21
9 10
1 7
13 17
7 7
9 8
10 21
0 9
5 10
12 18
10 16
13 15
7 2
8 14
11 10
6 17
10 19
2 9
12 3
13 12
6 18
2 10
9 12
0 6
2 4
12 12
1 6
8 0
1 3
12 13
13 9
2 16
12 8
8 20
0 13
8 2
1 16
11 7
10 14
1 12
9 14
8 19
11 9
13 16
7 13
13 3
7 3
8 10
3 16
4 12
1 15
3 6
11 3
2 5
11 17
10 1
11 2
6 14
0 8
3 0
0 11
6 11
5 16
8 16
11 0
6 12
7 23 54
1 6
4 8
6 4
4 4
4 20
1 11
0 10
2 3
3 3
0 2
0 0
0 17
3 12
4 16
1 1
1 9
6 7
6 12
0 18
1 0
5 0
3 14
6 0
2 20
5 9
1 13
1 21
4 22
5 10
2 12
0 14
2 4
2 17
1 2
5 8
1 7
1 4
1 14
0 8
3 18
1 17
6 13
1 18
5 13
1 22
0 3
5 16
6 18
5 19
0 20
2 11
5 6
4 17
3 0
11 23 123
5 14
4 4
6 12
0 4
4 8
10 20
8 11
9 15
0 14
6 6
1 19
3 7
6 21
7 14
6 9
5 2
6 8
9 21
2 2
0 17
2 15
3 9
7 22
5 21
8 17
9 22
8 15
4 9
4 18
2 8
6 19
6 14
6 18
10 1
2 20
0 22
7 0
5 16
6 16
10 21
3 5
6 0
3 4
0 12
8 19
4 5
2 19
3 3
3 14
2 12
3 0
1 14
7 13
6 1
7 16
7 8
8 7
9 0
3 22
10 6
8 16
4 11
2 3
1 21
3 11
7 12
5 22
10 10
5 13
0 11
4 17
1 5
0 16
0 10
7 11
2 21
6 11
5 8
5 19
3 8
1 4
1 20
4 15
6 2
7 17
9 16
8 1
10 9
2 6
2 5
5 6
5 15
7 15
7 9
3 15
4 3
10 14
2 1
4 22
5 5
0 9
5 3
10 22
7 2
1 15
4 12
9 8
3 6
0 2
10 18
10 11
1 1
9 19
8 8
10 19
10 3
6 7
8 22
9 11
6 17
1 13
4 19
5 9
21 13 114
19 3
19 9
7 5
13 4
16 1
11 6
20 0
6 9
17 11
5 12
7 11
15 2
1 6
10 2
4 9
19 4
18 1
8 5
17 2
19 12
5 0
10 5
16 3
3 0
15 5
16 7
3 9
7 10
5 11
9 4
20 3
18 10
15 4
0 11
16 8
8 7
20 9
0 8
3 1
17 4
4 5
2 10
3 4
16 11
6 2
17 9
14 1
13 0
14 2
4 11
14 6
11 2
6 8
7 4
4 6
15 11
12 7
0 2
5 4
5 9
12 9
6 10
3 2
5 3
13 1
1 2
3 8
1 8
17 7
1 1
13 5
2 4
2 0
0 9
12 12
15 0
12 5
2 12
19 5
16 12
3 12
17 8
20 7
9 2
7 3
2 3
3 11
19 8
2 11
9 10
13 3
9 9
18 9
20 11
8 9
4 7
15 3
20 5
10 9
14 0
18 5
13 2
19 11
10 6
4 8
4 3
0 3
7 1
4 4
15 9
14 11
9 3
8 1
2 7
28 8 69
1 4
26 0
12 1
25 6
2 6
5 0
18 3
3 6
3 0
18 4
20 4
2 0
10 3
11 6
5 2
19 1
16 0
6 4
10 6
2 7
27 5
15 0
16 6
24 7
16 3
19 3
19 7
8 1
8 6
25 1
6 1
13 6
1 5
25 3
27 3
25 5
14 2
24 2
7 6
27 6
21 7
21 5
9 4
8 5
12 2
17 1
13 7
15 2
9 1
15 1
5 6
5 3
9 6
2 5
14 1
17 6
4 7
23 6
10 1
20 6
25 7
16 5
18 6
6 7
18 5
26 1
21 6
15 7
8 0
12 32 172
11 22
0 1
6 14
1 15
6 28
4 26
1 23
8 12
2 26
11 28
6 30
5 14
5 22
1 29
5 25
2 14
5 9
8 29
2 0
7 4
3 8
11 1
2 10
7 2
8 11
11 27
5 13
3 22
3 7
9 5
11 11
4 22
9 27
2 24
5 17
6 21
6 23
0 3
7 12
9 10
9 20
8 2
2 1
4 20
4 4
10 24
7 31
11 0
5 2
4 0
4 17
2 30
10 19
8 9
0 31
8 13
5 1
6 12
7 13
8 21
0 29
7 7
6 19
9 29
2 25
11 12
7 1
11 13
10 14
3 11
2 20
1 9
5 29
8 25
1 28
6 24
6 25
3 26
0 16
3 21
6 11
10 25
2 4
4 18
0 21
1 20
9 7
7 28
9 15
11 19
6 18
3 25
9 11
3 2
9 14
8 20
0 9
8 6
2 17
6 8
10 26
10 0
6 26
10 12
1 22
7 14
11 5
9 3
8 14
11 17
9 23
9 18
10 8
6 13
2 6
3 3
9 9
8 8
11 4
9 31
2 23
10 18
7 9
0 22
1 5
11 21
4 24
5 12
5 26
9 0
5 4
2 2
7 3
8 16
9 2
1 0
0 13
4 12
6 31
4 1
7 29
6 4
5 23
0 23
7 15
3 31
2 22
0 17
1 16
7 17
11 25
1 14
1 7
7 27
0 20
0 6
4 29
11 6
8 3
7 26
6 9
6 20
5 16
8 24
11 2
3 0
11 14
8 4
6 17
1 1
7 0
1 3
20 9 88
3 1
15 2
0 2
5 6
8 0
9 8
18 6
14 1
14 8
0 7
13 6
6 0
10 5
1 7
3 0
8 5
10 1
0 3
1 4
2 5
3 2
2 0
15 7
0 1
7 7
8 7
19 6
9 4
12 1
12 8
1 8
19 1
2 7
13 0
9 1
6 1
5 1
10 7
7 8
17 0
17 4
4 6
4 1
10 3
19 4
9 5
15 1
19 0
0 5
13 2
6 8
16 4
4 0
15 5
13 4
14 0
18 7
13 5
7 0
7 2
18 3
0 6
2 8
19 2
8 6
8 4
11 4
16 3
1 0
17 8
3 4
6 6
15 8
12 0
9 2
11 2
5 3
6 3
2 3
9 0
14 7
16 2
15 4
4 7
13 8
17 2
14 4
10 4
36 39 439
23 32
6 1
35 36
35 9
31 36
4 27
31 13
11 19
3 22
14 19
17 26
26 19
3 37
16 32
12 24
8 27
10 18
22 24
14 11
23 2
11 13
8 36
26 17
19 10
15 2
27 17
10 5
10 20
21 10
22 22
22 8
24 16
25 2
25 20
30 15
0 4
21 11
9 29
35 26
4 16
22 3
6 35
29 37
31 5
27 1
0 37
16 22
24 34
19 28
25 6
0 0
7 10
18 12
31 6
24 33
18 37
14 5
22 7
13 23
11 17
21 16
3 26
9 24
24 13
26 32
2 38
33 14
2 14
27 16
31 10
4 7
29 20
12 38
21 3
9 14
10 13
13 19
25 3
22 33
13 4
28 12
12 15
5 28
35 25
20 0
22 11
17 14
17 31
14 17
27 29
35 12
14 36
26 8
1 24
9 12
22 1
32 19
18 14
32 35
19 25
27 13
15 19
21 15
1 37
3 25
11 18
2 33
3 30
16 4
19 19
11 33
0 35
19 8
27 38
27 2
7 34
1 2
31 27
7 20
22 25
24 7
15 11
3 13
34 4
1 20
27 24
24 27
12 29
33 1
32 0
23 8
3 34
22 12
5 29
30 13
5 3
28 34
32 5
21 21
1 28
7 26
24 4
33 26
8 28
5 26
22 14
21 17
0 30
3 29
21 24
5 18
21 35
28 4
3 17
14 21
30 28
0 2
9 15
30 1
31 21
25 13
23 7
18 26
23 15
14 4
32 6
11 8
2 3
12 7
5 13
1 18
21 30
33 5
3 1
4 14
1 16
16 28
29 25
27 6
11 27
10 37
29 18
14 31
1 34
19 1
18 25
11 12
26 13
29 6
20 9
10 23
23 37
11 4
29 33
21 32
5 7
29 9
3 33
21 27
1 33
11 7
16 12
27 28
29 5
35 32
3 32
27 32
14 27
10 36
19 29
9 16
12 35
20 26
17 29
23 26
31 34
35 24
24 19
35 5
10 10
16 35
26 15
14 0
17 3
28 5
20 10
13 31
19 32
20 20
15 23
9 17
20 28
0 34
15 16
8 21
7 21
12 23
29 35
4 37
12 36
29 36
11 20
28 11
5 30
33 22
7 22
15 17
28 30
9 3
9 36
35 18
23 0
11 1
4 3
27 14
20 15
14 22
7 1
3 23
33 25
13 6
10 12
4 21
30 22
34 12
10 29
6 28
33 35
21 34
8 10
3 18
8 7
31 29
24 0
3 4
7 6
24 6
18 16
34 19
31 17
12 33
13 37
35 15
7 29
11 9
15 15
10 26
14 3
12 27
11 23
14 7
27 21
3 2
29 28
30 2
21 29
28 19
1 15
22 10
33 11
34 20
26 22
32 33
35 35
2 29
16 21
14 16
23 28
22 19
28 10
30 37
4 10
12 3
6 9
23 19
0 11
27 31
11 5
11 15
7 24
6 0
24 25
31 25
7 0
6 12
17 1
5 34
9 1
21 36
30 21
11 30
23 13
27 25
35 13
32 23
18 35
12 21
30 0
15 27
16 31
19 11
13 27
17 12
18 8
6 34
3 19
19 5
5 36
7 11
10 7
22 2
29 0
4 32
15 12
16 3
32 27
30 27
31 26
17 27
32 9
12 25
19 2
13 28
30 3
27 27
8 1
2 4
21 13
7 16
31 24
26 28
34 6
23 6
19 38
2 11
9 21
1 26
9 7
27 5
0 14
8 30
20 5
32 25
27 35
3 9
16 25
12 5
9 26
30 6
24 31
9 18
1 12
23 3
30 34
22 23
28 8
33 16
6 18
24 12
21 8
26 18
22 34
35 37
22 31
32 38
5 23
6 17
14 18
23 23
0 6
28 18
5 5
1 10
2 1
25 28
21 18
25 11
0 17
3 0
25 33
7 13
1 9
32 37
5 6
16 26
22 5
25 19
1 0
32 7
33 15
1 29
26 35
6 15
14 14
20 11
18 32
8 2
20 24
2 32
9 4 17
7 1
4 0
2 3
1 0
2 2
0 1
3 3
3 0
0 3
2 1
8 1
6 3
8 3
8 2
7 3
8 0
2 0
34 30 452
9 7
7 27
1 12
29 11
15 18
28 20
16 28
32 8
5 6
27 12
8 10
20 5
6 2
10 5
22 0
10 29
30 9
29 2
23 27
2 24
15 2
21 4
17 19
1 11
20 29
28 17
31 12
0 13
9 18
33 18
24 23
23 23
12 28
13 26
9 1
26 4
31 16
32 6
15 28
3 29
19 12
22 26
2 10
15 3
10 13
17 26
13 2
17 29
18 2
16 3
8 18
21 6
22 17
5 1
31 3
17 13
29 15
5 24
22 5
1 23
4 19
19 16
11 16
12 7
18 27
6 17
0 6
5 15
9 6
13 21
14 5
11 28
25 29
22 24
0 24
20 23
14 13
4 11
10 22
33 1
30 4
12 15
0 21
0 4
29 5
18 13
31 4
20 8
7 2
25 5
29 26
7 20
25 16
4 24
10 0
30 3
22 11
6 5
0 25
17 22
1 10
4 0
1 27
26 8
31 28
31 18
30 10
28 26
31 10
9 26
0 22
25 3
20 9
18 1
4 14
33 23
5 28
11 12
24 12
29 8
1 26
9 4
1 6
27 16
32 24
22 6
28 13
25 14
0 20
14 7
13 1
3 6
0 2
19 0
2 15
2 18
5 4
13 8
23 25
31 0
33 26
29 3
25 19
26 16
15 12
4 25
27 20
26 14
19 23
8 2
21 11
8 16
15 7
24 24
15 1
11 17
28 19
20 18
29 22
25 10
18 29
2 17
11 21
31 23
19 4
26 9
3 12
5 3
12 6
11 26
6 9
33 25
27 13
6 29
27 7
16 24
21 27
5 19
6 14
9 19
14 4
0 29
10 19
15 0
0 5
21 25
5 7
16 25
29 19
17 14
24 13
4 2
32 26
7 21
30 28
22 8
25 9
11 0
21 1
31 2
13 4
10 20
6 24
31 1
33 22
30 27
31 7
32 3
6 16
0 8
19 24
2 23
30 23
0 18
6 28
16 11
25 7
29 14
23 16
10 14
12 18
33 14
18 3
4 4
6 4
23 9
15 29
30 12
25 22
24 17
24 11
22 25
1 19
7 23
20 13
22 16
4 15
10 23
21 20
28 28
2 8
22 7
3 22
33 0
26 18
15 25
11 27
12 13
10 15
18 19
12 23
32 29
13 11
28 1
28 0
25 6
30 7
5 13
12 4
26 26
19 27
5 17
29 29
18 5
2 19
23 22
8 21
30 2
31 15
12 20
4 26
9 2
29 21
9 25
8 19
3 21
33 9
10 3
27 27
8 22
19 13
1 0
1 7
33 5
23 26
3 3
8 8
22 23
28 25
10 26
6 27
32 22
0 0
11 5
20 14
14 1
29 7
20 1
5 2
10 6
13 13
26 10
0 1
13 6
20 2
8 15
7 19
25 2
32 14
19 5
21 15
16 21
22 19
9 0
17 28
18 26
9 15
26 11
21 5
7 16
15 23
32 25
8 25
26 3
9 17
9 11
12 1
20 7
5 0
4 10
8 3
29 25
10 16
27 24
7 14
26 6
26 22
17 15
1 22
17 23
1 15
28 7
20 11
25 8
24 29
31 25
8 20
10 24
3 2
21 2
18 4
3 0
20 22
9 27
17 20
16 7
7 8
33 13
6 22
11 19
21 28
9 5
8 24
0 10
28 15
33 4
4 16
2 16
19 15
11 23
6 19
32 17
23 4
4 1
16 27
21 23
3 19
11 24
7 25
0 12
24 1
21 10
26 7
4 17
10 12
1 8
30 29
18 15
30 13
20 3
27 14
2 5
0 14
10 9
21 26
33 27
6 7
1 17
7 12
29 20
28 4
13 15
11 14
3 17
12 19
32 23
17 21
14 14
3 25
23 18
21 7
20 24
6 8
20 20
24 14
5 14
11 20
10 7
26 15
4 28
31 20
3 27
17 11
31 13
25 12
24 20
30 14
16 1
4 12
33 28
24 2
30 25
23 28
9 14
18 23
30 15
28 29
30 6
21 18
7 15
8 0
29 16
25 17
23 7
28 11
19 7
9 21
2 13
31 21
11 13
10 18
29 0
3 39 30
2 1
1 17
1 18
1 4
1 38
0 29
2 26
2 35
2 5
2 29
0 0
1 30
1 36
0 20
0 3
0 9
2 4
1 8
2 30
0 22
0 32
0 30
0 11
2 23
1 13
2 19
0 33
0 19
2 3
1 12
19 2 12
6 1
9 0
14 0
6 0
7 0
1 1
9 1
10 0
14 1
17 1
11 0
2 1
22 28 293
20 23
18 23
12 22
3 0
5 22
17 0
3 24
17 7
16 16
16 6
3 18
9 8
18 13
12 12
9 0
18 4
13 22
12 16
18 0
21 9
17 18
8 6
18 6
4 24
5 4
1 26
3 27
5 23
21 3
16 20
7 6
6 23
1 17
2 19
20 18
2 11
20 2
14 5
14 25
12 23
5 0
21 19
9 13
19 27
15 0
1 15
12 11
6 3
4 18
4 12
17 27
4 27
14 2
16 13
12 17
5 27
12 26
5 1
19 19
8 3
9 16
7 3
8 0
8 26
6 7
9 11
3 13
11 26
2 1
2 13
10 11
20 22
8 1
2 20
5 8
21 23
5 17
3 4
12 5
9 18
18 19
13 16
18 16
12 9
7 20
10 26
13 24
15 22
19 17
14 10
21 10
5 14
11 7
19 21
7 19
10 20
9 27
20 5
8 21
2 21
13 3
11 1
3 12
16 0
16 8
1 4
14 11
11 9
13 9
13 0
2 25
9 17
8 25
4 3
4 4
0 27
3 15
6 13
16 17
5 25
11 16
14 13
11 24
10 5
10 9
15 11
12 14
7 23
7 26
15 27
10 13
9 2
19 2
6 22
1 5
18 9
21 22
15 5
3 8
12 10
9 6
17 16
9 1
11 14
14 18
9 4
21 21
0 9
2 10
16 18
15 16
17 17
16 10
11 4
8 16
5 18
12 1
7 25
7 18
0 17
14 16
11 21
12 4
12 2
1 24
8 4
11 23
21 20
13 1
10 8
0 3
21 1
16 3
0 13
18 18
18 8
21 6
2 3
7 1
20 12
20 10
17 21
5 10
1 19
3 20
11 11
16 21
0 25
21 16
4 14
4 23
17 26
18 10
19 14
21 2
18 2
7 17
15 19
20 11
17 9
15 12
15 3
1 23
1 1
1 2
3 23
0 26
21 18
1 27
20 7
15 7
20 26
2 27
9 19
0 14
19 15
17 11
16 22
1 9
14 19
4 20
8 11
4 0
14 27
16 1
6 11
7 22
2 16
1 16
14 9
16 7
7 2
7 16
14 0
10 15
0 18
6 19
4 13
4 19
3 14
20 19
20 8
17 8
15 8
12 15
17 23
5 13
4 1
3 10
2 0
11 13
2 15
19 25
1 10
4 9
13 18
3 1
8 12
1 11
10 10
2 24
12 21
10 14
9 25
2 22
17 20
18 3
10 18
14 21
2 5
12 13
14 20
9 15
18 26
17 13
7 4
5 15
19 0
21 17
14 3
9 14
5 5
0 2
16 23
17 2
2 7
6 20
6 16
17 3
16 25
18 14
16 2
3 17
34 37 363
28 34
20 30
21 3
20 8
2 26
14 5
10 4
23 35
12 2
21 36
26 19
0 23
28 21
8 18
29 2
14 32
13 18
20 26
29 14
31 3
29 31
11 16
0 8
33 8
18 12
6 14
33 13
18 25
2 18
8 32
9 27
6 12
21 8
0 9
22 35
26 4
28 24
26 27
10 2
1 36
22 33
16 22
20 35
12 28
3 28
3 32
0 14
15 26
29 0
7 6
24 6
0 36
17 18
10 21
14 31
6 24
15 20
9 8
2 2
19 6
20 31
24 31
10 7
30 23
16 2
1 30
10 28
22 0
29 12
26 32
32 6
9 13
30 18
3 18
32 34
1 18
26 3
27 14
3 9
14 18
16 30
14 2
20 0
12 36
22 30
30 14
12 22
22 10
11 1
6 21
18 23
6 17
24 14
18 27
3 34
32 13
22 6
33 34
10 36
14 16
23 17
26 13
25 0
17 5
15 3
32 10
16 33
26 18
5 1
31 24
6 20
11 0
29 25
5 8
24 3
6 7
32 15
27 26
23 34
1 33
26 14
16 23
6 22
22 31
10 13
7 30
13 12
18 18
16 25
19 15
10 15
5 10
25 4
2 10
9 0
4 24
18 31
4 25
22 3
17 25
6 16
18 29
30 11
26 33
2 25
26 2
20 3
10 29
31 32
15 23
26 11
6 6
10 33
7 25
11 10
21 33
8 15
25 10
33 12
8 17
30 10
1 25
32 24
4 5
11 18
4 17
19 10
25 30
4 22
31 31
28 16
27 27
6 3
14 36
33 10
17 8
22 13
13 23
31 16
23 1
21 34
7 12
16 1
24 30
4 8
3 19
23 26
22 2
9 10
8 19
32 12
17 2
12 23
22 17
3 17
24 2
8 12
31 17
28 32
8 8
9 12
18 21
12 13
1 26
27 32
29 29
15 10
20 21
30 22
25 8
28 27
31 10
8 3
7 36
17 17
19 34
20 29
13 5
2 19
31 19
15 13
23 12
32 1
11 31
0 22
3 30
5 5
1 31
1 15
29 36
10 6
5 33
12 12
10 32
5 4
6 18
17 28
19 26
25 32
14 24
33 14
15 29
12 34
30 4
4 21
13 6
15 15
12 9
17 21
5 34
6 36
15 31
26 21
26 10
0 5
29 15
32 33
21 32
20 32
2 22
17 6
17 10
29 33
24 21
25 29
9 17
14 19
33 22
3 7
7 15
26 22
31 4
28 20
17 35
13 36
8 28
25 6
33 26
23 24
2 30
20 13
23 25
2 12
16 24
1 27
19 12
12 14
22 24
22 7
5 21
31 21
7 19
15 19
2 32
30 9
5 13
15 34
13 19
8 26
30 35
7 29
25 33
5 12
24 23
9 16
8 31
2 6
25 18
19 30
13 34
15 25
6 0
33 21
6 19
33 29
6 32
9 32
1 21
4 29
2 15
0 7
19 29
5 9
22 16
25 22
7 21
26 23
0 18
8 5
28 30
13 4
33 4
15 33
25 20
12 15
13 13
2 33
1 1
11 6
21 2
21 20
4 11
1 2
23 36
24 35
8 36
6 30
21 1
14 23
10 30
31 35
11 35
11 34
7 7
29 18
7 1
3 3
13 29
14 10
3 16
12 3
29 34
11 17
2 27 22
1 18
0 23
1 24
1 10
1 19
1 17
0 3
0 21
1 21
1 23
1 26
0 17
0 26
0 1
0 7
1 3
0 4
1 11
1 5
1 7
1 25
1 9
8 16 45
1 6
7 11
7 14
3 13
5 1
1 10
2 7
4 3
0 9
2 12
7 2
0 15
5 9
2 3
7 15
7 12
0 11
1 15
5 2
7 4
6 3
0 7
4 8
1 11
4 5
3 14
4 14
4 10
3 6
1 2
4 11
4 9
7 5
0 4
3 2
1 1
4 6
1 9
3 9
6 9
1 3
0 0
1 13
2 15
7 0
25 38 353
18 25
20 37
19 29
15 37
6 7
5 2
11 20
16 17
20 16
19 6
5 29
0 10
0 6
2 21
8 22
13 21
20 3
0 7
12 36
15 2
3 26
21 17
1 37
16 13
13 25
5 1
10 7
12 1
21 4
17 25
3 23
9 33
23 20
12 27
16 8
22 35
16 12
4 16
24 16
2 13
6 1
11 22
18 33
18 19
3 3
21 10
5 4
13 35
0 2
20 21
8 4
13 29
24 1
17 18
23 32
9 34
19 3
10 2
22 12
0 12
9 5
7 2
3 31
15 7
15 28
1 33
0 19
2 24
14 7
21 24
8 32
20 13
2 30
22 27
4 3
10 26
5 12
19 7
21 31
21 28
12 10
9 1
16 36
6 24
23 23
22 0
24 24
3 30
17 31
17 2
15 32
14 3
24 0
18 24
5 11
4 21
20 25
7 22
7 5
17 32
22 29
12 3
6 9
3 34
5 28
13 28
22 10
24 33
6 29
4 20
11 26
10 24
12 31
9 36
2 16
15 12
16 3
24 7
14 29
18 17
15 25
11 16
15 10
14 20
6 10
1 6
5 16
2 6
24 5
8 13
2 2
17 26
22 3
4 10
1 31
14 25
24 11
0 35
1 24
1 12
17 13
8 14
24 6
2 1
7 8
2 4
10 27
2 18
2 15
15 11
11 21
11 36
23 8
15 29
7 1
19 26
21 25
21 1
6 15
14 6
24 9
16 32
5 27
14 30
14 19
3 24
2 7
15 19
8 26
13 1
16 11
19 36
2 9
5 20
2 25
7 6
3 9
0 29
23 7
15 26
11 34
23 35
21 26
4 37
3 14
12 30
22 6
22 28
2 29
12 23
0 8
16 14
0 22
13 32
15 15
4 28
8 7
20 33
17 22
9 2
9 15
7 18
11 17
20 12
23 2
8 2
10 5
1 32
6 35
9 25
0 16
20 28
23 12
22 19
12 28
21 34
17 10
19 1
12 11
10 25
18 11
11 27
17 19
16 28
11 0
19 22
24 29
0 20
1 17
4 17
20 32
2 33
0 11
0 18
19 21
13 14
3 8
6 25
13 6
6 11
16 30
11 8
24 28
18 12
16 24
0 15
24 32
19 2
7 14
16 6
7 17
19 8
23 9
23 13
17 8
3 36
8 16
12 32
24 22
21 29
17 35
5 21
4 29
2 35
4 36
11 14
12 20
12 16
15 8
17 4
2 37
14 33
10 33
19 30
18 30
11 1
7 32
16 31
23 25
9 20
5 23
9 6
1 1
9 37
3 5
20 30
11 18
15 22
10 35
23 36
22 25
14 4
6 17
23 34
16 15
24 18
18 27
8 31
20 18
10 8
8 5
16 0
11 10
24 21
15 5
12 13
22 36
11 12
9 16
23 4
23 0
6 34
16 37
21 16
19 15
10 10
0 17
14 11
23 37
9 10
5 5
0 4
18 20
6 2
12 5
1 11
17 16
17 29
16 27
10 14
12 29
7 23
3 4
1 26
16 19
23 24
8 12
8 33
4 31
12 8
11 15
7 3
4 5
10 23
0 34
2 10
11 31
17 0
22 9
16 33
20 35
21 21
0 24
14 3 16
10 2
6 1
13 0
9 0
12 2
9 2
3 1
4 1
8 1
4 2
1 2
11 2
1 0
7 0
10 1
4 0
36 22 271
18 15
12 21
14 0
13 10
10 0
17 8
9 15
2 8
30 4
3 3
12 3
23 18
27 18
6 14
9 14
20 5
14 6
27 17
20 19
29 6
2 13
18 21
3 0
25 15
7 14
3 1
7 8
14 2
15 4
33 2
29 16
34 14
24 14
23 20
19 0
18 3
32 13
7 11
10 4
24 6
11 9
13 3
7 6
17 12
30 5
30 8
8 1
5 21
35 13
10 20
29 20
20 2
21 21
4 2
1 19
33 6
6 5
11 11
20 11
4 9
5 19
29 17
33 13
33 3
11 1
29 1
23 7
20 1
2 19
33 1
17 9
32 11
35 10
35 1
15 6
14 7
12 2
2 21
4 3
35 8
0 5
34 8
24 11
11 10
21 18
7 4
21 16
16 2
3 13
34 13
33 21
18 4
8 12
32 21
6 4
26 4
33 10
5 11
12 1
1 18
2 20
23 13
9 12
26 5
34 9
9 3
13 20
24 15
12 6
23 0
30 1
31 12
10 13
16 19
12 5
1 8
32 0
23 17
26 18
0 4
0 7
23 10
7 20
21 9
28 16
33 4
19 3
18 14
9 9
25 1
16 1
1 14
18 7
20 9
10 9
13 14
29 5
34 2
18 16
8 9
32 18
21 19
35 5
30 17
26 1
22 4
30 12
32 8
16 13
2 14
27 4
16 3
22 2
18 5
22 18
25 20
17 6
22 11
35 11
22 19
2 9
19 12
20 20
29 2
17 2
5 12
33 0
20 0
5 2
34 1
18 20
33 5
14 8
26 9
32 20
27 21
22 20
33 8
15 10
35 14
13 9
6 20
34 10
31 6
8 14
2 1
11 8
3 14
9 11
29 18
4 11
7 15
1 20
25 10
17 19
17 5
24 1
20 17
2 3
9 20
0 16
13 0
26 21
23 4
0 19
16 15
11 19
27 15
13 2
19 14
4 21
3 19
8 8
6 18
11 12
31 8
25 2
16 9
30 19
26 15
35 15
31 3
5 10
4 13
7 19
4 4
15 13
33 12
22 17
26 0
7 21
3 17
10 14
14 4
32 19
27 10
8 7
10 17
3 4
24 9
20 7
1 9
32 2
19 6
29 4
5 14
21 0
25 11
15 9
9 5
7 10
21 6
31 14
5 13
0 9
19 13
30 15
35 17
1 11
6 16
31 17
5 6
13 15
8 2
35 20
28 10
23 8
13 5
35 12
33 19
16 6
15 35 258
8 3
8 15
6 4
14 13
11 17
4 15
12 34
1 2
11 12
8 19
0 26
4 27
8 6
12 16
10 29
7 24
11 21
13 34
1 28
10 0
4 11
5 4
6 11
0 9
2 7
9 9
7 32
8 22
11 13
1 12
4 0
5 29
11 9
0 17
2 18
1 20
4 6
0 8
7 9
11 15
13 33
10 14
5 33
1 5
8 17
12 12
1 8
6 28
3 29
3 26
12 17
11 14
8 31
12 6
4 32
12 20
9 31
2 32
5 32
4 22
11 19
11 6
1 19
8 21
10 19
12 32
10 32
10 22
10 1
14 23
0 28
0 1
0 24
13 19
12 28
7 1
3 10
13 1
6 18
5 1
10 5
7 3
13 30
2 12
12 18
14 33
9 30
0 14
8 18
8 25
4 9
13 17
14 21
12 19
3 18
7 25
1 7
0 2
8 20
9 34
2 33
13 5
6 30
2 34
0 3
10 30
8 29
11 24
4 2
4 31
4 30
6 34
11 31
4 8
8 33
0 27
7 15
0 33
5 23
2 30
11 28
10 20
4 18
3 16
9 10
11 20
13 2
9 5
7 33
9 6
5 10
3 8
11 7
12 8
5 31
11 5
7 21
6 2
4 23
5 12
0 11
2 10
9 3
12 1
13 26
2 9
0 18
4 14
13 8
2 26
13 18
1 11
13 4
0 21
3 7
11 3
4 17
8 32
9 0
12 29
3 22
11 0
12 25
10 21
14 11
4 24
9 7
3 30
0 34
2 5
10 15
9 13
13 24
12 13
9 25
14 30
5 3
4 21
2 19
0 4
5 22
10 11
2 11
6 19
5 16
7 7
0 10
3 25
2 25
9 15
1 3
6 32
13 0
1 15
1 18
6 23
3 24
1 6
8 24
2 24
13 6
9 1
5 5
12 15
1 0
6 12
5 8
5 30
9 16
12 3
14 17
14 4
4 29
5 2
14 29
13 14
5 17
7 34
3 12
1 9
0 25
11 10
8 7
6 26
6 17
12 9
9 11
10 26
12 21
0 19
7 19
3 5
7 29
1 34
9 20
7 6
14 32
7 2
7 26
14 8
14 16
10 24
12 14
10 33
13 29
2 0
0 15
3 6
11 11
7 18
11 4
3 13
14 28
2 17
13 7
9 8
2 1
4 33
24 3 18
12 0
14 2
7 0
8 0
20 2
1 1
13 1
4 0
14 1
20 1
16 0
5 2
15 0
0 1
7 1
10 0
13 0
23 2
34 25 284
0 22
28 22
1 22
15 2
19 6
6 12
14 10
29 4
13 12
5 23
13 7
11 24
15 13
21 17
18 0
28 19
9 17
3 9
19 3
11 10
20 18
22 3
9 13
6 10
7 20
8 4
10 21
4 10
11 4
31 11
3 8
6 20
14 19
28 4
1 6
7 12
29 2
3 7
33 17
20 9
3 21
32 8
32 18
26 15
33 23
13 15
31 17
6 14
7 16
10 7
2 18
25 16
23 3
2 0
2 10
33 3
12 11
31 12
14 4
23 19
9 20
24 10
30 2
15 15
3 15
17 13
30 3
24 16
13 23
13 24
17 16
6 6
17 8
12 14
31 22
5 16
8 17
30 17
11 5
33 7
29 10
23 21
12 24
11 17
22 24
8 16
15 11
2 8
7 5
32 21
1 14
18 21
8 23
8 14
11 16
22 16
10 10
24 14
26 7
32 2
27 12
28 16
31 23
27 8
12 22
33 24
18 11
4 20
20 17
26 13
3 16
13 1
23 4
23 0
21 1
2 21
9 12
7 4
3 5
3 3
22 18
0 18
21 0
24 24
13 17
27 6
17 22
10 18
9 24
27 13
10 1
17 0
28 13
5 1
32 7
24 11
24 0
1 0
32 11
5 22
8 2
1 15
9 11
2 24
0 8
1 9
28 15
33 14
22 5
9 4
10 3
31 19
2 7
18 14
31 3
30 4
33 16
27 21
28 14
16 14
12 12
12 19
11 0
30 24
24 8
18 24
23 9
26 22
23 22
27 0
31 21
0 19
31 0
23 6
33 10
14 6
16 4
9 7
30 11
27 3
33 21
24 18
21 16
24 13
23 23
16 2
19 10
19 24
10 11
3 0
0 24
32 19
14 15
29 22
20 16
11 19
11 3
4 2
26 19
13 21
19 9
16 13
15 16
25 3
2 6
0 0
9 23
5 21
8 20
6 7
23 16
23 14
33 13
6 9
29 19
21 5
15 20
12 5
18 5
1 4
8 18
4 6
1 21
13 22
16 11
4 0
15 7
8 9
5 19
13 10
29 23
30 21
14 8
14 1
12 4
10 8
32 3
28 23
19 0
25 7
25 6
7 21
12 15
26 10
4 12
9 5
29 3
17 18
17 1
20 15
25 0
13 8
29 9
23 2
7 3
23 7
0 6
2 9
7 13
1 2
30 23
19 12
0 15
17 24
5 13
1 10
26 0
14 24
0 14
3 10
25 18
3 23
19 22
21 6
19 7
10 23
27 15
4 14
32 17
18 17
15 1
18 19
11 6
25 13
15 20 80
14 9
9 1
3 5
0 17
11 17
0 6
10 3
10 10
4 1
7 0
5 6
11 19
8 15
8 5
2 8
12 10
9 12
7 11
5 5
13 17
0 1
5 9
6 0
2 13
2 14
1 14
13 9
7 17
11 12
9 4
4 8
11 0
1 6
13 0
4 6
5 10
13 6
12 11
5 7
12 2
9 5
0 18
8 6
12 14
12 1
10 9
12 6
11 3
3 12
1 3
2 15
1 11
13 1
5 14
6 15
10 0
12 13
11 6
9 13
4 10
3 14
11 14
13 7
10 12
5 3
8 2
12 4
3 13
3 9
10 16
13 14
1 12
5 1
0 0
8 18
5 18
7 4
8 1
14 14
14 15
13 2 9
5 0
10 1
11 0
12 0
12 1
9 0
10 0
4 0
2 0
39 7 128
6 5
31 4
32 6
5 4
27 1
22 1
10 5
21 2
28 0
13 3
14 2
26 0
32 1
23 1
36 4
30 5
5 6
14 6
23 2
3 5
27 5
5 0
9 4
0 2
8 6
13 0
18 3
26 3
35 5
26 1
3 1
34 2
28 5
18 5
15 4
30 3
7 5
31 5
15 3
29 0
7 2
24 4
3 4
24 3
37 3
36 1
34 3
18 4
15 6
5 5
0 0
2 6
3 3
15 1
19 0
32 5
33 2
36 6
24 0
19 2
17 3
11 4
29 1
6 4
26 4
28 2
38 3
12 5
6 2
1 3
17 4
1 0
29 3
31 3
29 5
0 3
10 4
7 6
6 3
36 3
35 3
1 5
25 0
35 0
7 3
31 2
30 0
23 3
8 0
26 2
28 3
16 0
31 0
33 3
6 1
23 5
36 0
34 0
8 5
37 1
24 1
28 1
11 3
22 0
5 3
9 5
32 3
38 4
29 4
4 2
2 1
26 5
18 6
36 5
11 5
4 5
32 0
20 5
8 3
31 6
27 4
19 1
17 0
19 5
3 2
23 4
8 2
12 1
31 18 152
21 7
19 9
3 14
16 15
16 9
7 12
24 16
5 10
29 17
28 1
7 3
5 0
8 11
19 6
22 16
3 15
15 17
27 4
25 2
21 11
0 9
5 8
24 7
16 14
24 12
29 12
3 0
28 16
26 17
4 0
20 12
23 0
14 13
10 12
4 15
27 12
0 0
27 1
9 10
28 3
23 7
18 16
0 2
13 3
9 16
17 7
25 10
18 5
16 16
17 3
18 17
4 8
15 4
18 1
3 17
30 4
4 13
23 14
8 3
26 6
9 11
30 17
29 0
20 7
3 9
0 17
4 4
9 13
30 9
22 17
11 12
13 8
14 0
26 9
30 7
14 2
12 5
29 3
11 10
1 15
24 10
20 14
7 16
4 7
11 5
13 14
17 9
13 1
0 11
19 8
19 7
0 3
2 10
9 3
20 8
17 11
10 7
5 12
10 0
16 4
7 11
28 17
6 14
28 11
24 15
14 7
10 6
17 1
14 12
21 4
27 3
25 3
24 0
6 3
13 4
30 2
27 9
19 14
22 0
12 16
26 14
9 5
4 17
23 3
21 6
16 2
2 15
14 10
22 4
15 16
1 10
9 4
2 1
21 2
21 15
26 0
23 9
6 6
18 3
30 6
8 13
26 12
8 12
23 1
19 1
12 14
2 2
0 16
12 15
28 2
16 6
16 1
14 13 78
6 6
5 7
3 5
2 1
6 3
2 3
13 6
8 1
5 11
11 5
9 12
9 11
9 6
4 0
6 11
7 11
8 2
0 8
0 11
4 9
0 3
0 0
12 10
0 4
0 7
13 7
2 8
8 12
1 6
7 0
6 7
3 3
10 8
13 5
12 11
8 8
1 12
3 6
11 3
3 11
9 10
3 7
6 2
4 6
11 12
8 11
9 0
6 5
11 9
5 1
13 9
9 2
5 9
1 11
10 0
12 4
10 4
13 1
1 8
1 0
3 12
11 4
8 7
10 12
10 9
4 11
11 1
11 6
13 10
3 0
7 3
0 10
9 1
5 12
12 8
1 4
5 2
11 0
15 39 235
14 11
8 29
8 38
0 30
12 37
1 30
12 17
0 38
11 3
0 6
7 14
8 21
5 25
9 11
4 27
7 18
0 1
6 24
14 32
2 33
8 24
1 1
14 28
13 20
11 0
5 5
2 35
7 27
2 21
9 21
6 16
4 3
6 10
11 21
13 34
4 38
5 27
10 26
11 32
8 7
11 37
6 38
1 9
11 16
4 14
0 33
11 33
12 7
4 20
12 3
7 6
13 32
9 3
3 11
1 7
0 4
8 34
7 23
14 23
9 26
14 21
6 34
14 6
5 9
11 25
5 19
0 14
10 24
10 4
6 12
13 12
1 31
13 5
4 29
6 30
3 7
0 22
9 29
5 31
2 15
4 34
13 15
0 18
8 14
13 37
3 16
11 30
13 36
8 23
12 15
3 32
6 2
11 23
0 0
7 28
4 2
12 26
9 0
3 38
2 20
11 5
14 33
4 22
8 35
12 13
10 32
13 18
0 27
8 12
4 35
2 13
1 14
1 26
5 6
7 34
3 13
1 36
10 28
1 5
0 24
8 31
8 25
1 10
5 4
0 34
7 9
5 18
1 15
8 32
12 2
7 16
8 6
1 24
10 12
2 14
2 27
11 1
10 38
8 0
10 3
5 37
4 8
9 14
11 18
1 2
4 28
8 19
5 16
3 14
9 33
11 28
11 9
13 29
13 33
4 26
8 30
7 24
13 30
5 36
12 35
6 7
5 14
4 1
5 35
11 7
14 30
0 28
14 38
6 13
5 0
10 22
9 7
4 17
14 26
4 19
7 17
12 38
9 27
12 10
0 31
9 18
0 26
6 0
0 2
3 27
9 24
5 24
4 25
8 18
2 19
14 13
10 35
8 27
1 28
9 34
10 36
3 29
13 27
4 33
9 13
5 3
11 36
1 33
10 19
10 37
14 17
10 9
13 23
13 35
9 17
8 2
3 8
7 30
3 4
3 6
14 15
3 2
11 22
14 37
14 7
4 21
4 37
4 7
6 3
6 5
8 9
11 35
7 36
7 20
0 15
9 37
12 14
7 0
12 8
14 20
36 28 496
28 19
14 18
12 22
32 6
12 6
26 21
9 8
7 25
0 10
27 17
29 16
11 15
15 0
16 9
27 9
26 11
12 23
21 2
8 15
19 17
2 10
20 4
0 1
11 13
31 11
22 4
29 7
21 16
15 18
4 16
17 9
12 16
16 1
3 2
9 1
29 12
15 16
18 5
23 15
32 0
19 1
3 22
20 0
10 5
23 23
13 10
7 19
0 18
0 21
8 18
26 14
17 0
20 22
28 23
14 22
4 8
30 25
32 18
20 7
26 16
6 11
0 13
4 17
32 21
8 19
1 19
10 14
22 0
6 16
34 12
14 15
11 18
3 15
1 0
30 5
9 5
33 24
19 7
4 13
20 13
2 15
20 21
5 14
9 4
23 11
34 27
9 14
2 16
30 0
18 20
6 26
22 10
0 16
24 6
29 22
19 23
34 24
28 16
22 22
28 9
25 15
31 15
30 17
14 25
13 23
30 6
7 5
24 4
31 21
18 11
27 18
14 20
5 8
4 1
21 10
28 7
27 13
7 26
25 0
9 25
32 16
0 23
8 10
34 7
27 4
29 13
14 24
19 26
8 12
24 16
6 2
14 0
16 18
17 13
30 23
4 10
17 27
15 27
19 27
26 23
4 6
21 17
12 17
23 8
14 8
19 5
26 25
0 6
24 11
7 3
32 5
18 10
10 24
18 4
13 21
35 17
29 4
5 18
24 0
30 12
1 20
2 4
17 23
2 9
0 14
22 7
3 4
20 24
31 8
25 14
6 18
10 26
32 15
0 15
11 7
16 16
19 16
18 14
5 4
33 8
6 6
13 17
28 1
9 9
27 14
12 5
28 18
34 3
4 11
25 2
25 3
27 3
30 2
20 11
20 12
35 15
22 27
22 5
13 9
16 24
31 5
17 25
17 20
29 21
19 8
4 12
10 13
20 15
34 18
22 18
29 0
12 21
21 24
35 14
9 23
35 7
9 24
11 10
33 9
0 22
24 13
34 19
8 2
29 11
18 21
0 24
15 17
27 24
10 3
12 2
17 1
6 0
24 7
14 5
16 7
21 18
21 14
10 12
30 9
1 1
13 12
4 21
22 13
11 2
7 4
2 1
12 8
0 7
13 1
19 19
30 10
4 19
11 0
1 5
6 12
21 12
5 19
6 24
29 19
17 12
3 24
33 13
1 14
23 6
7 23
27 16
2 14
16 13
27 10
0 26
15 24
19 22
32 14
31 12
20 2
16 6
34 16
24 10
10 20
17 5
1 23
22 1
24 1
19 13
7 21
2 17
25 25
25 10
31 23
16 23
32 13
6 4
0 4
21 23
8 0
4 27
17 18
12 13
22 14
28 10
29 17
13 16
31 7
7 1
20 19
27 25
5 3
7 7
5 7
31 10
32 1
0 3
31 27
18 3
4 9
7 9
16 4
4 20
10 17
6 15
17 3
18 26
23 18
23 24
24 18
3 10
14 16
25 5
14 10
11 25
21 22
16 14
7 24
26 2
31 2
25 18
29 15
18 2
35 1
32 26
0 17
1 7
11 12
18 25
3 20
18 22
23 20
26 17
28 15
11 19
14 13
23 7
25 6
33 15
12 3
24 17
24 2
18 16
9 19
34 13
0 25
0 5
27 22
6 23
33 0
15 19
1 11
23 1
8 7
2 22
19 2
35 26
19 6
8 22
13 13
11 9
18 8
14 27
25 11
3 19
10 7
23 17
3 11
1 22
8 24
30 20
29 9
22 12
23 14
19 24
21 11
17 19
17 11
33 25
13 8
12 4
13 3
25 16
27 21
11 22
14 12
22 2
10 6
5 26
6 14
25 20
21 0
4 22
25 13
13 4
6 20
29 20
7 16
30 7
6 22
6 3
5 10
25 26
7 10
7 15
21 15
9 18
11 24
13 19
3 8
20 5
14 23
35 13
12 14
30 4
17 7
33 2
33 23
29 18
20 14
16 17
25 1
1 17
24 24
22 23
19 12
1 8
26 19
26 26
28 21
10 27
31 4
9 22
30 13
34 11
5 6
3 7
28 4
2 12
5 2
19 0
23 25
33 27
16 22
22 6
35 3
1 21
13 7
0 11
14 19
4 26
30 26
3 16
25 23
32 3
5 0
20 26
8 5
21 9
12 25
10 11
32 27
22 11
25 27
11 17
33 10
21 6
21 26
18 9
21 1
13 11
1 24
35 12
23 4
20 1
1 25
34 25
2 27
2 11
3 14
14 4
17 37 157
9 0
14 13
16 19
12 28
0 13
6 4
12 27
10 2
6 18
9 10
8 29
15 11
2 14
0 1
1 8
1 15
1 34
16 10
6 13
15 34
2 9
15 9
14 19
0 21
10 28
13 19
15 36
14 17
6 16
6 21
3 19
3 30
7 10
9 33
16 17
3 32
9 20
10 26
10 22
15 4
6 15
12 9
12 5
7 2
7 29
11 26
9 14
10 19
5 2
5 21
15 0
5 15
6 29
1 29
12 7
12 0
4 32
12 4
8 19
3 36
9 31
4 29
8 4
2 19
6 3
2 4
9 11
11 1
5 11
12 25
5 16
5 26
2 29
0 36
15 7
10 33
14 6
9 24
0 31
15 31
6 28
16 28
7 25
7 1
14 28
4 33
12 36
15 27
11 18
3 18
7 12
11 22
4 21
0 30
6 33
1 31
12 35
6 23
4 7
11 6
10 17
8 12
7 4
16 12
13 7
13 29
2 22
4 0
1 0
11 4
6 31
2 31
1 22
4 8
3 12
16 9
4 22
15 21
16 32
3 33
3 11
2 17
5 20
10 9
1 16
4 6
15 30
14 20
3 15
1 10
4 26
9 1
13 24
5 0
14 21
10 11
5 32
7 22
8 35
14 7
2 7
10 24
9 5
11 21
14 34
13 5
15 24
14 12
1 12
0 15
11 28
15 14
7 27
12 34
5 9
12 10
16 34
28 26 226
12 0
4 17
8 19
22 24
1 21
12 1
17 15
22 20
6 14
4 6
9 17
5 4
18 14
11 8
8 9
0 4
16 4
2 13
10 15
12 19
24 18
25 10
8 17
21 21
1 16
22 13
10 12
1 2
27 10
27 14
21 6
8 0
4 0
3 13
27 17
19 21
9 11
21 5
15 8
2 6
23 25
6 12
24 20
17 8
20 7
21 4
27 6
4 14
21 18
14 1
27 2
0 24
15 23
17 25
26 16
10 25
15 17
10 10
15 2
7 24
0 23
20 11
12 13
6 23
0 9
18 10
17 22
25 9
17 18
20 8
2 8
6 19
23 20
11 7
13 19
22 21
8 20
19 20
24 3
4 23
23 1
2 15
0 18
16 7
16 20
7 20
4 7
4 16
1 18
18 8
0 25
26 7
1 1
1 11
24 12
25 21
23 3
16 5
7 6
19 7
6 4
27 7
6 13
26 8
9 24
24 0
8 13
0 7
17 19
15 15
9 12
5 11
12 12
12 4
6 22
25 20
17 12
13 23
16 0
22 5
14 10
2 21
26 25
7 10
6 8
25 11
4 24
20 23
25 19
25 2
8 21
26 20
15 24
22 7
22 6
7 21
1 23
21 22
13 4
27 19
14 13
26 12
9 9
15 22
11 16
23 15
6 9
0 0
0 1
7 22
1 3
22 11
11 12
24 8
24 4
12 2
9 16
13 13
2 19
23 17
19 23
22 3
4 20
18 18
8 14
3 20
21 25
19 11
16 12
5 12
6 2
1 12
19 17
27 24
19 16
7 23
23 9
20 17
7 14
14 4
22 23
16 1
27 13
0 13
1 19
25 13
13 9
13 3
24 22
26 3
11 14
10 8
23 16
3 2
11 20
0 14
27 4
5 1
3 14
22 16
13 0
4 21
11 4
4 2
8 25
10 21
24 6
9 0
15 11
13 5
8 22
20 24
27 20
6 6
14 17
5 2
2 18
25 25
7 5
14 8
14 0
9 14
12 20
14 19
18 7
26 0
26 2 14
2 0
1 1
7 1
3 1
20 1
19 1
23 0
22 0
19 0
8 1
20 0
11 1
24 0
6 1
38 28 381
17 18
3 5
2 4
31 26
27 10
23 16
1 9
3 23
7 3
34 2
29 25
24 10
37 11
35 22
3 12
4 14
13 22
23 5
23 14
30 9
4 8
26 23
17 16
32 5
18 24
11 1
34 15
4 20
32 3
36 5
29 10
15 22
8 10
5 23
27 8
3 17
33 23
9 10
35 19
4 0
9 11
19 21
28 14
2 13
25 20
27 23
21 20
11 7
16 18
25 17
8 3
12 27
27 14
16 5
8 14
35 14
10 22
1 12
25 6
0 17
37 27
25 4
10 15
27 17
28 23
10 10
7 2
35 10
30 26
7 19
36 26
13 3
22 26
28 24
31 8
32 10
1 2
22 20
10 12
5 5
17 8
34 27
18 2
34 0
3 19
3 24
15 5
34 26
9 23
2 26
13 0
31 6
36 8
18 12
18 22
35 13
17 4
33 6
15 24
22 13
37 25
12 12
30 1
26 9
21 0
14 2
35 18
0 2
34 13
25 11
10 8
29 18
17 27
15 6
14 24
27 11
13 16
13 7
27 20
8 4
17 10
19 6
5 26
4 6
32 11
37 21
6 10
28 2
9 4
23 1
13 19
16 23
35 2
7 7
6 25
35 23
13 9
31 25
33 11
29 7
37 17
22 15
8 26
6 9
5 19
30 5
14 8
23 13
4 24
36 6
9 13
22 8
36 11
27 3
35 6
24 27
34 7
10 18
14 27
10 27
7 1
11 13
4 26
25 0
37 6
34 8
1 20
26 13
14 22
7 0
10 19
7 9
29 20
20 10
13 6
3 15
0 24
8 12
20 7
14 18
37 19
8 6
16 21
11 18
31 24
26 15
25 12
14 21
6 11
31 7
31 2
16 2
20 27
7 26
24 14
17 14
23 9
29 26
37 7
19 10
29 5
26 1
6 13
21 2
22 7
14 15
17 19
16 19
21 13
20 15
33 7
3 7
1 11
24 2
22 22
0 13
17 20
29 19
27 18
7 4
10 21
10 11
18 26
32 18
20 12
9 15
30 17
6 1
2 25
4 4
36 18
3 1
24 12
29 13
31 1
21 9
33 1
24 20
23 21
6 6
19 24
28 9
14 23
25 10
30 2
2 7
14 26
3 10
28 10
35 21
19 4
0 14
29 8
22 6
2 6
5 12
34 12
0 18
35 20
23 24
27 19
28 5
7 22
8 21
32 24
36 20
11 5
14 4
26 26
1 13
37 14
17 0
22 10
31 10
37 3
18 8
7 8
22 2
26 21
12 13
12 6
28 17
15 10
24 8
17 25
12 8
26 0
22 18
31 12
27 16
30 19
13 13
10 3
7 20
33 5
11 23
37 1
31 9
28 11
16 7
4 12
33 26
19 18
35 15
25 3
9 0
35 27
29 24
17 12
14 9
32 20
37 20
0 15
1 27
15 17
10 7
26 2
17 17
25 24
34 14
0 11
30 13
24 23
22 11
24 25
14 17
19 14
4 1
37 4
0 12
0 10
32 2
21 17
21 25
9 21
8 18
24 19
11 9
33 16
15 4
24 17
16 22
28 0
2 16
13 18
28 22
20 11
16 14
32 8
5 16
10 23
18 7
17 1
3 26
6 8
3 16
37 9
24 15
36 7
35 16
34 17
30 23
5 10
7 24
28 3
9 8
30 15
37 26
16 24
30 3
12 25
0 7
8 11
35 17
3 9
18 0
29 27
5 22
20 21
25 25
16 16
20 34 210
2 7
1 3
10 27
11 6
12 33
15 11
19 18
2 20
0 0
0 32
16 19
8 27
1 13
12 6
17 13
17 10
7 6
4 17
8 24
11 33
5 13
3 11
15 4
18 2
12 5
10 4
0 21
6 26
16 3
17 2
14 31
15 8
6 13
5 32
9 10
19 33
16 24
12 28
10 17
13 30
17 18
16 22
17 6
18 6
4 14
18 5
2 22
19 31
15 23
3 27
13 13
3 28
10 30
14 22
9 9
13 21
19 9
1 14
10 22
7 13
1 10
14 12
16 32
4 20
0 3
7 32
5 29
6 21
4 22
16 33
1 30
18 13
16 10
13 10
6 3
9 33
11 15
6 23
14 14
5 31
14 27
17 7
2 29
6 9
16 16
12 18
6 16
18 12
16 29
13 12
0 19
1 12
5 15
16 5
14 11
15 6
11 27
0 11
5 24
17 8
7 15
6 6
1 25
9 2
10 15
10 14
18 28
18 14
15 17
17 25
18 20
17 14
12 8
13 28
7 11
16 9
0 29
18 21
13 6
14 18
14 13
19 2
2 0
5 30
10 1
8 32
11 10
9 14
13 5
14 23
5 23
11 24
14 0
18 25
17 20
15 9
6 28
5 11
6 15
19 13
11 28
2 25
2 1
8 29
18 19
16 1
12 10
3 26
8 23
8 3
10 29
9 23
17 32
3 8
0 26
8 22
17 29
4 4
5 10
3 22
8 25
14 26
3 31
14 5
13 23
19 22
14 3
7 16
5 3
11 2
12 20
16 30
3 19
19 28
16 8
4 33
3 15
3 7
14 32
1 31
11 26
6 20
9 29
10 7
15 33
3 0
15 24
5 14
18 4
6 31
8 1
4 23
7 10
4 1
3 30
18 8
1 33
4 18
4 30
0 15
18 27
5 1
12 3
0 18
13 15
11 23
3 2
1 6
3 17
6 24
35 31 354
15 7
15 12
25 22
21 0
4 3
19 2
27 19
32 4
9 14
23 19
33 5
13 22
34 2
19 23
18 20
27 10
26 14
3 6
14 9
17 10
9 24
27 5
2 29
22 15
0 21
15 24
5 5
32 22
4 30
17 22
0 11
12 19
1 2
12 26
32 19
10 29
0 5
31 24
25 20
34 30
25 18
2 20
18 4
23 3
28 0
13 20
22 10
7 10
29 13
6 20
17 23
14 7
25 4
20 1
31 3
22 1
4 21
24 7
27 30
0 24
9 19
12 29
10 21
31 1
16 23
1 20
21 7
30 27
23 28
34 7
24 23
11 23
15 9
2 24
25 26
31 10
33 0
34 11
7 20
27 21
17 3
21 21
4 25
29 30
18 23
17 19
18 21
26 13
4 6
25 3
31 0
13 27
24 29
2 13
4 5
21 2
28 18
20 18
22 24
28 10
16 19
15 5
1 9
17 15
27 26
8 8
23 8
13 24
15 4
6 19
13 1
32 8
9 13
2 26
12 13
24 13
8 6
30 25
29 27
12 30
4 15
16 20
6 2
28 20
33 17
34 15
7 5
28 22
20 3
21 16
5 19
20 12
14 30
24 3
24 19
5 30
4 0
15 30
4 4
29 0
22 6
0 6
22 14
2 8
24 17
15 15
0 2
25 11
20 22
34 20
21 25
29 20
0 4
8 12
19 10
11 25
4 13
5 23
0 28
8 23
24 21
8 0
19 25
11 13
6 9
34 26
7 21
31 16
31 19
26 4
16 27
18 7
22 21
9 1
30 3
13 26
12 10
14 25
15 6
0 3
2 14
32 17
6 18
33 3
23 10
30 24
32 18
33 13
1 23
31 21
31 7
31 8
17 27
28 8
15 0
16 18
7 4
10 1
3 27
27 7
1 30
10 12
24 27
10 9
18 14
25 15
15 19
21 17
30 6
25 30
9 10
15 21
18 10
14 5
10 20
17 21
6 1
11 30
9 20
29 6
25 8
19 15
7 7
9 6
32 23
3 12
17 29
0 14
14 10
19 8
9 28
33 29
11 8
5 17
34 10
11 19
32 30
1 4
34 0
28 9
4 26
9 11
10 23
6 28
23 14
3 7
1 28
33 16
1 14
17 16
9 9
10 16
18 30
6 8
0 7
24 22
28 5
26 18
8 3
33 4
20 16
5 0
7 26
19 17
21 4
13 3
33 20
22 26
23 30
25 2
30 26
5 28
4 24
27 22
28 29
18 17
2 19
16 6
6 10
21 30
13 21
10 18
26 24
4 27
6 12
8 24
25 25
33 27
10 27
25 13
8 15
32 7
2 30
13 9
3 3
33 2
15 8
32 29
19 11
4 20
25 24
5 16
28 15
16 7
16 15
5 4
3 17
30 7
14 13
7 0
30 22
20 8
29 11
10 19
30 15
19 6
5 7
7 11
13 18
3 25
32 5
8 11
11 10
7 22
19 4
23 9
18 16
8 17
19 28
12 5
9 23
34 6
19 12
28 27
16 14
12 6
7 1
25 19
8 9
32 10
21 28
16 17
3 19
34 4
16 30
34 1
3 10
34 8
26 9
24 8
32 25
34 21
22 8
33 8
20 18 98
8 15
3 1
4 0
10 5
17 1
14 5
17 17
13 9
18 1
16 8
3 4
12 11
12 15
7 13
7 16
14 16
4 17
6 7
12 17
3 17
13 14
16 9
10 0
6 10
4 13
5 14
14 11
2 5
5 7
7 2
13 3
1 4
7 7
19 5
7 12
18 17
9 17
11 9
10 1
7 0
10 9
13 17
6 14
4 15
8 5
13 2
1 3
9 12
5 5
14 7
19 15
17 8
17 13
12 6
12 0
10 6
19 8
12 7
3 12
14 0
3 3
2 2
11 14
6 0
16 5
18 8
6 9
0 10
11 10
5 13
0 6
6 6
11 17
1 2
1 12
19 9
8 4
16 4
7 14
12 4
7 10
6 2
10 12
19 1
8 3
18 16
15 6
0 9
7 15
10 17
9 14
14 9
16 3
9 4
19 7
7 8
12 13
11 5
6 8 13
1 0
2 4
3 5
0 2
1 6
2 6
1 5
1 1
3 1
4 3
0 5
2 0
5 4
