100
40 5 2
68 11 3
86 17 3
110 17 2
78 8 1
124 18 4
129 16 2
90 16 3
130 19 2
35 5 1
193 16 3
29 8 1
110 18 1
57 13 2
131 16 4
89 13 1
40 7 2
188 20 4
95 12 2
99 13 1
140 16 6
86 13 3
90 12 5
163 15 8
47 5 7
179 26 2
80 8 7
136 18 1
52 7 2
130 14 3
95 14 3
6 2 1
166 18 2
170 17 1
79 11 3
15 5 1
38 7 2
33 5 3
138 20 1
157 15 4
123 13 5
161 22 1
36 7 2
58 9 4
28 4 1
38 7 3
153 22 1
171 17 7
7 2 1
98 10 7
65 11 1
120 18 1
188 21 1
166 20 3
23 4 3
59 7 4
148 27 1
137 20 2
184 25 4
43 9 2
130 18 5
99 16 4
109 12 4
154 23 2
30 5 2
88 18 2
94 20 2
125 17 3
28 4 3
78 11 4
119 16 5
113 14 6
96 10 4
158 21 2
144 15 1
126 23 3
26 4 2
110 17 4
175 26 4
162 24 2
17 3 3
21 5 2
150 21 2
141 18 2
186 25 2
24 7 1
41 7 1
58 7 4
94 16 1
158 19 3
111 20 2
124 19 2
23 4 3
46 8 1
84 12 3
67 10 4
124 16 4
14 3 1
152 23 3
129 23 1
