80
17
4190.1
329.14
4707.71
1436.36
8084.42
868.44
9777.26
2006.42
496.98
3637.08
1302.69
2340.05
8148.33
8444.49
1778.92
8805.05
7702.86
7
6602.04
3456.85
5004.18
239.45
8243.56
8391.99
3233.67
24
8324.9
3271.63
219.63
7984.29
2363.57
2214.82
3596.02
2641.91
3730.85
7059.45
9202.45
9900.07
9449.19
5719.92
9239.48
6548.55
6557.15
7300.11
3354.81
1385.04
5394.01
4898.98
9991.12
6720.75
15
332.67
9934.77
6154.49
261.65
5757.22
8995.29
3544.3
4761.65
3504.78
2679.77
9525.43
12.77
1478.92
3579.48
9527.44
18
6970.09
9592.21
6454.45
8783.96
14.3
8126.49
764.54
2191.48
903.01
4866.83
4158.21
5812.11
9061.93
6892.33
4466.03
6809.06
5344.69
8683.88
10
8826.54
3423.02
904.87
6452.48
3137.07
4044.33
2656.71
576.81
6763.6
9106.68
29
8103.79
7682.51
4502.65
4340.29
9030.52
6217.42
6139.76
594.98
4901.64
4675.98
8612.29
5907.78
5025.67
2734.03
7962.34
6629.69
971.73
6470.95
434.86
6243.18
6688.91
828.93
5921.73
8208.94
4489.95
446.47
8508.69
7938.3
872.88
23
409.03
6180.19
5822.06
3356.78
5221.23
8132.1
9913.27
40.99
295.38
1651.05
2655.31
6771.02
430.75
6446.14
8821.9
9405.61
194.21
1879.29
9265.24
412.14
3446.09
5173.63
3117.52
25
177.04
7254.31
3891.63
7407.71
8724.96
5460.72
4792.68
1328.4
3024.35
2052.01
9545.44
2591.47
4408.67
4557.49
4241.9
4919.15
9223.45
4360.9
412.43
4137.32
3198.19
7283.32
2865.07
9462.28
4905.71
18
6201.14
9612.04
5950.39
5497.81
3071.13
2399.02
8974.64
9223.81
4132.42
6569.12
1622.04
5017.63
585.89
1935.96
3741.71
2581.01
61.86
6565.32
8
7260.38
2302.62
9382.47
4127.93
8135.15
1518.46
2811.28
2967.81
30
7340.95
3290.94
5700.13
491.41
7567.07
7077.14
3888.83
3219.98
6894.36
2525.29
9644.39
4289.87
9896.72
9710.41
3349.05
7605.07
5063.79
8729.83
6881.32
7589.98
5633.32
9900.5
6127.12
3326.64
2241.92
9787.33
3521.08
3030.15
6730.32
4149.5
23
4473.19
520.72
9454.96
5693.77
3637.54
5993.87
1333.32
9193.64
1747.51
1052.41
5978.3
9925.29
9680.19
3100.59
9013.73
6374.62
6293.89
106.01
951.08
7924.59
6863.63
5559.76
5420.97
9
6972.92
1204.12
6211.41
7336.71
1371.93
416.48
4477.57
1164.91
1439.33
26
6036.06
1115.6
751.14
7038.08
5428.61
8750.91
269.02
9005.73
8321.59
4273.84
5544.47
9794.02
6791.54
6079.87
6356.88
3941.56
9115.35
5030.67
5185.01
644.9
7064.15
2143.96
5049.84
4220.29
649.19
5613.42
20
8544.05
6604.69
4801.58
1512.6
744.57
5969.37
8180.87
952.5
656.11
8853.57
6826.34
8095.28
3630.19
1919.28
610.79
4513.93
6039.55
7750.54
729.51
3947.79
26
6325.48
4604.07
739.39
3440.29
2713.65
3714.19
4183.3
428.59
6179.31
5851.64
5939.68
7159.61
1848.24
4549.33
7281.87
5130.86
975.03
4766.26
1029.21
8778.36
9286.18
1521.4
306.82
4624.72
5796.2
9259.54
5
4922.98
173.49
1652.56
7562.04
44.34
13
6770.14
8504.2
6581.49
3633.2
315.14
6293.13
8565.19
4249.65
6052.62
7193.16
5556.08
3929.68
3699.87
25
1171.21
2884.3
7757.6
2833.78
121.68
3693.12
1603.87
9182.51
7000.72
2349.87
1749.06
6049.17
1397.97
4221.25
713.65
3096.68
766.84
9391.6
3628.56
3049.61
7778.53
2915.92
9350.33
5395.07
141.01
17
5084.16
638.89
5367.21
2240.74
8148.59
6801.58
2782.11
5460.63
8250.72
1884.39
3975.16
1067.58
9801.76
2567.51
323.93
85.61
9545.51
22
266.2
6801.5
2382.7
1672.52
6330.24
7961.89
9797.17
1037.2
416.52
7588.06
9469.47
9882.47
824.26
8182.03
6265.5
4841.14
7437.3
9919.32
3301.34
5049.6
8902.54
8201.05
22
6009.08
3361.55
436.03
5581.76
5084.8
7622.41
5024.7
9899.23
1736.83
8392.28
7408.29
5962.87
3666.14
7885.17
1945.65
9966.59
7703.75
6243.94
3964.77
4456.22
3848.69
2138.69
27
7555.8
2033.33
3906.07
7171.08
5919.44
6053.47
7956.66
936.17
1090.66
8236.54
5195.2
977.78
8679.36
820.47
9396.63
8647.5
6398.14
8674.44
7917.1
6585.4
3070.06
6941.59
6456.0
1430.3
8242.93
4924.63
980.99
29
1780.48
7249.89
7953.72
9237.12
7498.56
9311.72
7286.77
2424.9
4893.94
6559.7
1855.32
1633.55
144.98
5757.75
9753.01
9754.38
1709.77
5359.75
689.54
4800.55
5326.16
9774.17
5529.42
9942.18
1875.0
4278.3
7052.85
705.49
7434.3
9
1061.45
1169.86
3215.67
1022.67
2691.44
2280.32
9139.66
9172.89
604.02
12
57.35
128.37
9473.6
877.69
3106.5
1370.2
9560.23
5228.96
5899.76
8124.78
9704.24
5362.74
17
8035.18
9766.45
4585.41
9409.25
3741.87
5697.14
999.43
7436.43
6325.34
3904.07
7512.21
7862.12
7416.19
9013.0
9178.24
2992.95
9536.06
5
5285.72
9922.92
873.57
7795.95
3572.73
28
9613.24
3123.49
1128.35
5872.88
2164.56
7251.13
9232.16
5641.9
7528.63
8613.88
4442.56
7304.86
1827.12
111.14
3085.6
4051.67
4241.85
4228.78
8481.8
7161.59
2174.33
5089.44
2042.13
8453.97
9293.72
8147.63
7390.37
8398.93
7
1320.59
1472.78
8801.92
4351.62
13.3
1392.24
2294.72
21
8668.87
7921.38
3793.82
9773.28
5751.54
6753.68
583.02
1192.47
5778.73
3435.47
2255.89
4495.66
754.49
3406.17
3916.49
3298.35
2125.2
7106.98
1291.84
5878.24
8020.15
15
6068.88
2009.23
3428.03
3048.91
1896.69
1171.84
4572.19
9249.38
7524.63
9931.14
5874.57
4171.54
2603.78
417.54
4360.74
21
5337.59
9850.3
2710.27
5984.43
4383.65
4032.52
5603.97
1774.16
6300.34
8720.24
6578.27
8739.2
4569.32
8015.65
8036.31
2297.93
9750.82
3273.92
2992.81
1481.71
861.89
25
8198.49
2985.52
9755.9
5788.94
593.09
6815.67
6934.2
222.18
6825.64
4650.62
499.25
5932.94
9752.7
5641.42
255.55
6061.7
7056.58
1227.46
6452.13
9787.24
7762.38
7238.38
720.3
5556.16
8155.16
25
2956.99
6324.69
3472.02
5747.27
6565.38
4076.36
6472.57
4837.55
1857.18
2435.68
6611.58
8760.98
133.66
1849.47
8334.36
5612.58
5071.18
3009.75
4911.99
8221.25
2512.89
3428.02
5748.66
9918.08
9778.99
19
7677.89
4229.95
434.85
7856.92
9859.79
51.95
9664.09
4214.81
3920.88
5634.94
3706.85
9550.38
6043.35
3949.28
6386.81
3649.82
7904.72
4803.38
3313.77
9
7307.96
5782.72
1512.09
9041.58
2798.91
5494.88
5388.91
5685.28
7695.4
25
6883.28
3624.88
3140.62
3262.46
5623.47
3805.55
8567.18
728.08
6786.82
7994.54
4436.01
2935.99
176.37
9870.76
8764.64
6715.39
9187.08
4657.54
4937.67
809.61
5085.01
7445.24
919.88
3285.95
3519.93
24
4056.34
1797.26
1926.08
6711.47
7268.08
9917.3
9400.0
1837.32
3209.57
6997.2
3847.89
2010.7
9312.36
7560.48
7780.77
6030.25
6820.18
3538.13
7515.07
5555.38
4791.22
2361.06
6309.83
7727.79
13
738.24
5300.91
3362.64
4173.62
3762.83
6037.83
718.22
946.39
8824.05
80.26
8703.93
1667.47
6006.81
23
6170.01
3166.9
6125.93
1006.67
8420.34
1089.36
2054.86
2606.2
6373.01
7810.22
4947.94
8166.26
5588.19
8804.71
970.97
3560.43
4582.79
7610.83
9304.02
4548.22
9485.52
3391.31
1507.84
27
7466.71
6319.21
7134.61
2916.16
9516.45
6788.26
8114.36
7191.59
8624.66
2562.87
255.12
554.74
8449.33
5162.84
2007.85
3456.71
3958.0
9663.34
2148.21
7395.32
4586.95
3275.02
199.7
1976.28
6661.37
4457.8
9027.45
27
7043.79
4889.14
6146.28
1618.6
42.78
7103.18
4294.58
5996.48
1555.9
458.83
2690.67
419.04
4187.06
2929.6
3042.22
701.73
4539.87
5933.2
8550.74
8682.87
1317.36
6733.67
7461.53
9957.98
9154.58
9399.8
9151.2
26
7492.12
6272.23
8261.34
5128.07
8231.32
5178.05
903.16
1816.75
2365.88
364.12
4630.57
1936.64
3114.17
7594.24
6087.12
986.92
8124.84
1094.71
9359.34
6527.98
5318.17
5265.98
6851.87
4723.95
7853.5
7248.92
19
2512.73
8039.44
3227.21
5648.92
8980.14
7450.98
2525.47
5088.0
5209.17
4756.32
6337.08
1742.87
960.67
9481.4
916.41
5481.16
4363.53
6395.75
2257.72
21
3394.22
8528.26
551.5
4026.04
909.55
2205.49
8460.43
4459.8
4388.98
6669.2
3679.8
5019.78
3272.85
3416.86
2124.16
7756.66
5431.49
4525.77
5091.55
6078.83
4339.21
30
7376.74
1711.27
6391.56
9088.13
5477.5
3982.84
6766.11
3644.62
3548.33
4176.56
9946.98
4096.56
9610.63
8577.36
260.21
4285.39
4791.59
4720.22
2568.56
6115.31
7554.48
6961.95
7960.6
2883.81
6471.67
8398.86
1089.38
8692.14
5861.92
6178.83
19
6691.9
3432.32
7829.64
851.47
6151.92
161.99
2363.2
3851.7
2990.41
1217.19
4697.38
1401.06
1286.17
1519.29
8486.08
8805.93
1768.28
565.65
4389.91
9
4013.73
5559.88
1830.11
4930.43
8679.47
2434.57
8963.61
7643.89
6278.03
6
6834.61
4231.47
5897.63
3911.85
9439.96
9805.81
20
3965.11
245.67
5154.89
6292.9
2145.44
6036.69
1237.13
3989.53
2982.26
3330.91
6563.65
9987.35
7679.87
4914.34
5582.97
6582.93
1615.27
1633.4
3687.7
8272.56
9
8291.31
7313.95
8566.76
2877.84
1416.7
1426.34
3304.95
7390.08
5856.22
16
3421.38
4284.46
1585.98
9971.46
9821.56
3409.82
5432.35
9137.95
2693.65
6347.52
2451.64
4102.96
5832.25
5146.95
5727.67
864.86
19
5666.42
2646.98
8991.36
4266.83
5693.6
7522.83
3914.56
6199.99
6845.6
227.13
330.98
4512.28
1721.29
286.85
2100.37
1463.19
1057.82
4470.33
8121.81
14
9445.89
3587.14
682.77
6370.76
6130.91
2783.0
6116.87
4590.02
5556.94
9374.84
3874.77
9366.37
144.75
5216.37
29
1015.19
9286.66
2419.17
4239.53
6116.84
70.5
8246.6
9642.59
215.82
4986.97
8166.9
6111.39
2377.32
8699.68
3420.19
8193.73
4794.0
9001.08
7555.07
598.52
52.34
5981.88
2251.53
652.3
7206.23
2570.06
3128.65
218.2
5157.93
13
1123.68
9138.81
561.69
6323.42
3316.97
5077.02
6286.73
5084.03
5384.36
758.95
1459.37
6984.25
3028.06
24
9330.19
9517.2
1488.82
1479.2
2731.26
7886.7
8379.0
4842.02
7805.98
662.85
5258.37
1173.54
1148.71
6739.67
3838.74
3540.0
3684.96
2341.49
7635.36
8300.48
7967.12
3541.72
8908.0
2235.58
8
4479.01
8100.0
3215.56
3293.2
2013.4
4031.19
4709.29
310.34
9
4886.74
9288.13
4206.28
9082.7
1483.25
31.84
2341.61
3996.98
3181.93
13
841.86
7369.74
9691.46
4791.38
1320.87
5125.71
5644.8
2525.06
4142.82
8666.13
1054.94
4051.37
8954.55
24
5965.45
8628.48
790.39
273.02
8165.97
2931.15
521.84
1513.23
199.39
6328.64
150.6
7491.36
6118.78
5826.84
9239.15
4694.7
9295.68
8214.18
5665.93
9865.94
1184.53
6707.74
1699.53
7124.25
28
2479.48
4323.55
6564.94
3932.72
6502.73
4301.31
1741.44
48.36
7754.72
6541.31
8529.16
653.05
9689.84
4394.04
4271.11
6320.85
8750.03
6498.02
9587.32
2535.07
1034.45
3095.15
5640.65
5191.67
5912.46
6627.5
1528.72
1815.04
16
348.14
6057.87
6673.0
5772.26
2839.05
5013.87
7307.45
4759.09
7204.31
5751.06
670.27
8277.43
5783.18
3809.62
2407.63
6610.04
22
5508.49
2125.48
7754.45
6916.21
9061.11
1353.43
6558.58
3566.16
6376.86
5122.47
520.74
3876.38
8433.52
3104.34
8827.44
7417.22
1499.48
800.79
170.39
7293.87
8079.18
5970.8
25
9581.15
165.25
8448.79
2307.58
1858.29
3852.64
5637.6
6045.31
1725.35
7227.65
6342.44
7899.74
9201.81
9384.67
2072.89
5256.63
1007.58
7710.53
2141.47
4200.1
3054.33
6749.81
4084.09
9432.05
146.78
11
5179.75
6285.63
6731.03
399.22
1722.16
2584.12
1468.96
1200.44
1789.53
4625.07
2944.09
17
7347.76
9000.55
2683.33
9560.74
95.36
3448.08
5917.71
917.38
944.59
117.37
4518.21
1743.38
3239.63
9508.58
8163.5
9729.33
8416.97
19
1044.43
1875.8
3009.58
6941.88
7364.39
2166.79
6317.71
7783.87
4866.98
2388.23
9633.61
9461.63
52.67
6579.65
4102.19
6047.99
3382.16
953.1
3450.51
22
6870.7
3194.22
9048.08
7811.69
7912.16
9039.98
5416.28
697.93
857.22
8565.94
1916.1
7836.37
5454.09
9478.74
5652.87
7515.45
3470.81
4865.09
8487.74
2070.83
4036.09
6095.78
23
3657.76
2294.57
8368.88
8176.71
2235.04
5637.3
295.47
2510.94
9671.41
8276.31
7010.81
1716.15
9412.54
4751.73
1743.96
3038.6
8203.29
2286.25
9358.47
8218.03
6399.81
4189.96
7060.63
27
6237.02
3113.67
9256.14
3014.51
8148.4
2943.29
7534.93
6738.6
1561.12
2763.54
705.32
7785.9
5737.97
4196.67
2733.18
4216.15
9832.76
1357.15
8932.44
1907.11
7322.96
3229.08
6325.88
5220.93
6399.2
1049.1
3365.47
13
8386.44
1000.44
7022.14
4989.08
9292.57
9643.58
3145.19
3279.33
3188.1
5104.93
7246.68
9601.47
9028.63
7
5698.64
5808.41
4666.21
4644.79
4741.85
4957.4
2371.04
26
5750.4
5184.43
3934.44
2444.04
8136.95
9429.18
899.69
4807.02
397.04
3430.23
8569.52
3389.89
8260.58
83.45
6175.67
5193.75
9926.56
6268.4
5787.2
997.39
3377.0
6509.05
5016.11
7892.85
584.03
6722.57
6
8451.24
7721.84
1774.8
5176.22
1892.75
9021.63
8
4281.06
2507.65
7162.66
8858.09
5990.08
6186.61
8338.11
7886.39
5
3719.34
1486.02
859.81
2494.57
9868.13
9
9684.07
7653.8
3280.76
7528.75
2382.56
4182.52
2489.83
1930.6
1679.58
