40
1
0000000000
0110001100
0110010010
0000001100
0000000000
0011000000
0100100110
0010100101
0001000010
0000000000
1
0000000000
0100000000
0100000000
0100000000
0000000111
0000001110
0110000000
0100000000
0000100000
0001100000
2
0000000000
0100000000
0100000000
0100000000
0000000111
0000001110
0110000000
0100000000
0000100000
0001100000
28
0100000000
0010000000
1110000000
0000000000
0000000000
0000000000
0000000000
0000000000
0000000000
0000000000
2
0000100000
0000100000
0000100000
0000100000
0000100000
0000100000
0000100000
0000100000
0000100000
0000100000
4
0000100000
0000100000
0000100000
0000100000
0000100000
0000100000
0000100000
0000100000
0000100000
0000100000
7
0000100000
0000100000
0000100000
0000100000
0000100000
0000100000
0000100000
0000100000
0000100000
0000100000
10
0000100000
0000100000
0000100000
0000100000
0000100000
0000100000
0000100000
0000100000
0000100000
0000100000
13
0000100000
0000100000
0000100000
0000100000
0000100000
0000100000
0000100000
0000100000
0000100000
0000100000
18
0000100000
0000100000
0000100000
0000100000
0000100000
0000100000
0000100000
0000100000
0000100000
0000100000
10
0011000001
0001000000
0000001000
1110010110
0000101101
1000011000
0110000101
0110100000
0110010010
0010100111
22
0010000001
1000110000
0000001110
1010000000
0001101000
0011001000
0000100000
0100000000
1111001100
0000101010
12
0000000100
0010000000
0000010000
0000010000
0001100101
0101110001
1000000000
0000001110
0010001010
1010001100
24
0001101000
0000001000
0110000010
0000000000
0001000001
0101010001
1110000000
0000001000
1100100000
0000101001
26
0100100100
0011000000
0000000000
0001011001
0000010000
1000000011
1010000000
0000000000
1000000000
0001000110
6
1010000100
1010000000
0010000000
0101000010
0101000110
0010000000
1100100010
0100000100
0100100000
1000010001
11
0010001101
0000000100
0000000001
0001000000
0110100011
0000000000
0000001000
1000110000
1000011100
0100010101
30
0000000000
0110100000
1011010000
0010000000
0010100001
0000111000
0010000001
0000100011
0000000000
0000000000
26
0001100100
0101000100
0001001010
0001000000
0000010000
1001001000
0001011001
1000100000
0110010000
0000000000
26
1000000000
1000000001
1110000101
0111000110
1100000001
0000101000
1000000100
0001000111
0001010000
1101000000
9
0011001100
0001001010
0110010000
1001000100
0000010010
0100011101
0000110000
1000011001
0001000000
0000100011
2
0000000000
0000101000
0010000000
0001010000
1010010110
0011010001
0100000000
0111001000
1001000100
0011000100
21
0001001000
1000100000
0100100000
1000001000
0000100010
0000100000
0001000000
0010100010
1001000010
1000000010
10
0011100011
0011001010
0000100010
0100010000
0000000000
0001010000
0010010010
1001000000
0011000000
0000001111
7
1010011010
1110000000
1100010000
0000010000
0000000000
0011110010
0000101000
1010001010
0100110000
1001110100
14
0101010001
0100010010
0000100000
0000000000
0000000000
0000000001
1011000000
1000100000
0000010000
0101100110
12
1000000000
0111000100
0000010101
0110010000
1000001001
0000011100
0000001000
0010000100
1000000100
1100011000
4
0000000000
1101110101
0100010110
0000010000
0111000000
1010000010
1000000000
1000000000
1000000001
0011011001
30
0100000000
1110010010
0000000000
0010000000
0001000000
0000000000
0101110000
1001000100
0101011001
0000001010
2
1011001110
0000100100
0000101011
0101010010
1001000111
0010000000
0010101010
0001010011
0000010010
0001000100
24
0000101000
0011000110
0101000001
0111010101
0000000010
0101000000
0001000011
1010000000
1011100010
1000000001
30
1000000100
0000000010
0000001000
0100001000
0000100010
1010000000
0000000110
0100001001
0000001101
0100010001
14
1100001000
0000100000
0011000000
0001001010
0111000000
1100000010
1000111001
0001000000
0000000000
0100010100
12
0001100000
0010010000
1100010011
0000110010
1001100100
0000001001
0000000000
0001010000
0000011100
1000010010
18
0001001011
0000010001
0000000111
1100010010
0010010000
0000100001
1001100000
1101100000
1000001010
0010000001
16
0010001101
0001101000
0000000000
1000100000
0000000100
0011010110
1000100110
0011000010
0100010000
0110010010
15
0000000001
0001010010
0000100000
1000100100
1001000100
0000000000
1001000000
0100001000
0001000001
0010101000
15
0001000110
0000000101
0101001000
0000001001
0000001100
0000000000
0100001000
0010100000
0000111001
0010010101
5
1011010010
0100100000
0011100100
1100000000
0010010010
0000000100
0000100110
0000000000
0000110010
1100000000
2
1010010000
1011010000
0000100010
0100010000
0100001010
1000000000
0001001000
0010101000
0000010100
1000000000
