200
6 13 41
15 8 86
0 2 70
11 14 6
4 4 15
16 0 82
10 7 88
1 8 9
2 4 33
20 13 77
6 0 29
5 8 3
10 17 3
14 13 36
2 17 79
1 11 77
5 7 30
13 9 81
6 20 13
6 5 43
3 3 68
13 15 23
6 9 84
1 8 114
5 20 64
5 3 84
2 15 97
1 2 31
15 5 95
13 6 104
16 0 71
17 18 58
9 14 79
0 17 25
5 11 1
4 7 104
7 10 3
11 9 114
12 15 52
14 0 119
0 17 120
16 0 33
9 19 115
15 8 4
16 0 31
6 17 69
5 19 47
7 5 41
17 10 63
5 10 41
5 9 42
10 17 106
5 2 22
8 18 11
8 17 80
9 15 77
3 16 37
13 10 46
18 11 26
15 9 105
14 20 94
0 8 78
14 10 71
12 6 23
0 11 90
5 2 66
16 14 64
10 9 13
11 14 67
16 9 36
15 15 103
12 12 50
0 10 99
4 19 21
16 7 5
5 6 35
13 9 55
3 12 68
8 20 118
9 6 99
2 10 92
2 5 118
8 5 34
19 2 105
6 7 27
15 12 39
14 15 57
11 3 107
16 8 108
17 9 31
13 15 35
19 14 120
7 6 22
6 7 120
4 19 11
1 10 106
18 5 119
2 11 85
15 12 39
6 0 90
1 7 92
0 6 37
18 16 78
10 16 117
20 11 38
5 1 53
0 17 85
17 8 28
18 0 38
16 19 37
12 15 7
10 10 42
0 18 63
2 4 97
16 16 95
7 0 101
10 8 7
6 2 104
17 13 68
15 4 63
6 1 42
18 11 18
10 8 33
4 0 86
9 9 52
2 8 115
5 7 120
8 4 103
3 8 16
6 9 20
17 0 50
2 6 57
9 10 73
15 13 113
19 3 76
16 19 45
10 5 93
5 9 14
8 14 32
17 6 99
6 1 49
14 18 11
7 14 46
7 19 80
9 1 70
19 0 31
8 6 118
20 15 3
0 10 62
8 13 34
0 18 52
4 4 38
17 16 106
10 7 51
3 0 57
19 20 25
6 2 11
5 5 16
14 14 89
5 16 81
2 5 19
15 1 37
20 10 13
11 14 47
19 13 40
17 7 68
11 13 85
13 18 86
8 2 28
5 14 59
2 0 106
2 6 44
5 7 20
8 16 76
16 19 96
7 2 65
15 20 11
17 18 5
15 8 20
12 14 21
11 4 83
7 12 17
20 7 38
15 5 75
7 9 104
17 10 103
17 4 69
16 10 67
4 6 32
14 9 46
15 9 26
9 15 45
12 14 43
4 9 11
19 10 43
3 13 25
17 6 75
6 16 49
10 9 38
1 17 114
