100
86 20 -79 -45 5
19 42 -52 -94
-4 38 68 4
63 -98 7 -16
-66 52 40 -95
0 98 -83 -99
33 43 22 41 2
-35 -97 -80 82
97 -89 63 -67
87 81 -95 -51 1
-6 51 50 86
-34 57 50 50 1
4 41 -9 -93
-87 -60 -65 -59 3
64 86 -4 41
36 -67 80 -36
-74 -2 -17 2
69 64 21 56 2
-43 47 87 -34
-72 99 -43 34
-66 90 55 38 1
-26 -51 41 -46
-58 -74 59 -55 4
-64 57 -40 -79
99 88 77 -18
-90 -69 -62 10
97 99 -97 -61
-33 5 73 -93 2
14 85 -94 -80
-71 17 4 -55
8 -65 -64 -40 2
-21 80 -31 80
-1 96 -49 -65
-85 82 -2 -12 5
-18 -69 59 -20
76 58 64 14
-68 13 41 -28
-99 20 -74 57
-15 17 -82 -96
-49 92 22 82 2
15 -16 26 -36
-49 37 53 -11
45 49 61 29 1
-99 -72 -42 68
-42 -58 7 80 2
74 -12 -96 72
1 -63 -23 25
-70 -49 -34 -30 5
18 -58 -72 -6
69 -45 45 85
-95 -34 80 86
68 62 56 46
93 59 -38 -52
-58 -53 46 -32 4
33 -52 32 -23
-36 89 60 -29
35 43 80 66
44 -46 -85 -18
-74 14 -62 2 2
-37 -84 30 -23
-17 -96 -29 79
37 43 -87 -31 4
88 18 -71 -16
41 -30 -20 43
-1 -91 -67 -46
-81 33 -38 -83
-92 4 -55 25 4
79 -1 31 -43
-52 -43 -44 92
58 25 -72 10
-72 49 74 52
39 -90 13 -43 4
15 84 -37 -43
80 45 -47 -97
54 40 7 -30
-66 -73 -36 -92
0 84 -4 18 2
-4 -63 20 -29
22 -79 7 33
-10 -47 37 9 1
-13 66 38 41
-28 92 -47 16 5
25 -85 -78 22
-35 86 -61 -63
-51 32 -8 -12
-34 81 16 -1
73 16 11 -3
-39 10 -38 -50 1
-47 -63 48 -98
-45 -13 14 -72 3
45 -48 -96 -32
3 20 64 15
69 -47 17 71
-92 20 1 2 2
-16 14 -99 -58
15 32 -59 -90
79 71 -17 -44 2
-33 87 -88 -55
-60 27 49 -50
-35 -95 -85 -71 3
39 4 10 70
-75 19 -8 -44
-28 33 -87 -87
-13 -13 -63 -59 1
-35 30 -46 -91
-40 9 96 86 5
74 -74 -97 26
47 -21 4 96
35 -85 38 64
89 -56 69 29
11 -28 -19 -90
42 -8 -61 38 1
-62 40 48 29
-20 4 -49 -92 2
-21 2 -40 89
-63 -54 -75 -20
-72 75 -66 -28 5
85 -71 58 92
43 61 -20 -72
33 -72 -50 79
-39 31 -33 -70
10 56 12 -68
85 87 -46 -86 3
4 56 -48 -14
52 94 -5 -8
-24 -32 -86 97
52 5 -86 -28 1
-17 -18 29 57
16 49 75 -94 4
-9 10 -23 7
-77 -61 -70 74
76 47 -2 -52
-43 9 -96 -88
55 76 -93 21 2
79 -30 68 49
-57 -73 -23 -14
73 15 81 -19 3
-26 -75 -75 -78
-55 -76 -71 -71
-20 24 -82 72
-28 -85 -50 97 3
22 60 -52 -75
-69 62 27 -89
-25 34 -88 96
88 52 -97 0 2
96 4 80 -83
69 -26 -68 61
-52 67 63 -4 3
-2 -18 20 28
14 -26 -52 65
3 -49 -33 97
49 -64 93 -83 3
-48 40 -85 -63
97 -33 -19 -14
-14 96 -43 53
-36 79 59 -12 2
99 17 26 -71
-81 45 -18 -82
19 -74 -97 -22 4
98 99 -87 -44
-10 -99 -11 -37
-86 74 -10 76
16 -31 -19 84
35 74 37 -5 3
60 -70 -11 51
20 11 83 12
-35 3 83 53
82 -13 81 -49 2
46 -52 -23 9
-97 46 -96 62
65 46 23 52 4
81 -69 74 -84
54 25 17 53
56 -55 0 -55
-85 -90 23 -68
36 -85 60 -45 3
5 31 -52 74
87 -94 -33 -49
34 -31 36 -71
-98 83 -9 46 5
10 68 -66 60
-3 -45 64 -83
-41 21 84 -75
1 73 -99 68
-89 88 68 0
62 -42 63 -63 3
31 74 -23 24
62 96 5 45
-42 -19 24 -86
-63 24 -88 53 3
39 -2 -84 -10
21 65 17 65
-39 -32 -7 51
-9 14 -90 77 5
-50 31 76 -95
24 -52 34 -66
-2 99 -52 17
-35 -72 75 -33
83 -95 63 87
30 -59 -48 12 3
-14 -58 -85 -89
-9 13 -30 -61
57 -27 -64 31
8 90 63 -24 5
-78 31 68 70
8 41 -21 81
-58 67 -32 -64
-89 -52 88 11
30 -27 -45 -40
71 83 65 87 5
51 -64 54 28
39 -83 -64 96
-22 13 8 59
12 -50 -42 49
52 -65 57 -45
47 58 13 -56 5
-72 -20 89 17
73 55 -44 -7
89 37 -12 21
-17 44 14 -78
-54 -76 -10 -51
-47 -82 2 18 4
48 41 19 -88
-42 -49 -45 -16
67 47 59 -77
25 43 -64 10
-18 91 -80 2 5
86 -46 67 -52
38 36 -38 -31
-35 48 23 21
22 97 44 -17
-23 26 33 66
-23 76 77 -56 5
-80 -93 -81 43
97 -96 93 20
-62 4 -72 -23
81 -78 31 -38
-99 43 -96 98
42 -30 56 85 2
14 -42 77 -6
-81 31 78 -59
64 48 82 66 2
81 68 48 -59
-46 -11 -43 -89
78 -93 79 -18 3
-49 1 -24 -35
41 -79 -57 5
-74 54 -22 16
44 77 55 0 4
60 52 68 -39
51 41 48 -21
-49 94 81 15
39 -47 31 12
-48 -47 45 49 5
-46 55 87 -83
18 70 94 21
31 68 51 29
-92 -50 10 67
64 -73 -16 26
19 76 13 -22 2
-99 38 74 45
-35 -51 94 -75
10 87 97 21 3
-66 71 -28 42
-74 -44 79 -48
-78 93 85 37
88 -33 85 -56 1
-96 61 -44 57
24 81 48 -25 4
7 -92 -82 -84
-80 -61 -85 -39
-90 14 95 -73
-29 -17 34 -47
27 19 10 -18 2
39 -6 -16 -10
24 -46 -13 82
-88 76 55 -97 4
-96 66 12 -5
2 49 62 -50
-81 -36 -85 36
-84 -72 81 -45
98 73 -32 9 2
88 93 8 61
-45 88 0 84
-16 -45 15 -1 2
70 52 -47 81
95 -23 75 44
-94 91 -79 82 4
-48 -24 49 -90
85 -74 -3 58
-11 0 55 -23
-78 57 -66 -92
-14 -56 -88 -35 4
48 52 98 -96
-6 -19 -72 -52
-92 -34 95 -11
-28 69 69 -97
41 13 74 70 3
-48 -75 -18 97
39 -13 12 35
93 -28 27 70
-14 -92 -83 9 5
23 26 90 -12
14 42 -63 -74
-3 -9 62 -1
6 -2 -46 50
-83 82 1 -66
89 40 94 -37 4
80 -3 -16 55
49 -71 52 53
67 97 95 -90
49 23 -20 31
91 -95 52 -78 3
-79 -58 -22 -44
4 -77 -61 11
-46 2 -95 10
43 -86 71 67 2
-45 -99 49 26
-9 10 10 -45
17 -10 39 -32 4
-61 63 82 -38
56 -36 24 27
2 89 -43 46
87 8 21 -57
88 35 -90 -90 2
-35 42 -29 -79
-36 -57 44 64
-17 -30 -57 25 4
11 -24 51 17
-27 -31 8 -42
22 -46 -36 50
-69 -72 -14 -90
-52 -32 -19 -22 2
33 -60 8 -19
94 57 97 -45
-40 -89 97 -74 3
-19 72 -32 17
52 -74 -38 -26
61 30 82 -81
-8 -60 23 -87 2
58 61 -37 43
-41 87 17 57
-45 -50 -98 -61 4
58 87 28 36
65 98 -68 19
-46 64 -10 12
0 -91 1 -22
31 26 34 60 5
-72 -74 46 92
-19 45 -43 8
8 -66 3 -73
42 -7 -90 32
-58 29 -77 77
92 -9 -26 42 5
84 75 -58 34
-8 -16 -59 98
94 34 83 74
33 -80 -8 71
62 86 -62 72
2 24 36 -27 4
53 -28 -13 -91
13 -57 21 -69
-58 -92 -44 75
-7 -52 23 -87
-3 28 57 -87 5
-86 74 -43 11
-50 -35 43 -80
6 41 88 -12
-24 -55 22 33
0 92 3 34
-41 -89 -50 98 2
50 37 66 93
-46 -57 91 -85
-75 -27 41 60 4
95 -75 -71 -66
-80 61 11 -35
-23 -63 78 76
63 -9 15 28
40 -49 28 -49 2
5 -44 52 16
-32 -82 2 72
-21 24 -32 61 5
-6 13 35 70
7 10 -45 59
-75 42 56 18
-3 50 8 -43
12 53 -43 -57
-44 15 -99 -34 5
49 -5 -63 -3
8 -69 96 11
7 9 81 -82
-81 -55 -20 -92
42 75 -81 -86
75 39 -9 67 1
55 47 40 14
76 5 -31 -77 3
8 -8 -9 45
44 -67 42 87
61 -36 55 84
48 -33 -58 -69 3
12 43 26 -45
40 12 -67 -78
94 75 -22 -1
11 60 -48 -84 5
8 64 -74 -5
98 -54 -51 -74
29 79 -11 -92
10 0 14 90
-28 76 29 54
-21 79 -87 -37 1
87 29 -67 -52
