200
20325
6904
30818
20636
14833
17762
4109
28331
15476
20057
16947
3654
12073
24442
33067
3990
3905
8218
22071
21838
5564
11176
13518
23402
20889
451
30301
10253
35758
21441
12319
12417
17810
7712
30215
13506
3726
22743
13256
32366
18829
2689
13992
3206
3034
25469
34005
26289
34143
29304
12613
24877
12159
31543
7347
7010
13964
9490
22350
21551
24413
2536
3111
15655
16698
12709
917
1815
6739
32495
23477
11900
6878
30279
18937
29375
27187
27245
14705
24460
20139
16095
6517
7349
15049
13869
2803
1237
19517
20985
22592
13284
9713
12339
3037
22793
21049
10184
6156
2197
19930
34396
4051
4840
6459
2432
34791
12354
13094
3032
17734
5526
15009
21779
5462
4897
10552
21128
9338
853
28438
13563
24667
13016
16422
34898
9480
19476
28941
5580
2655
919
15679
4842
3447
4864
19005
14928
11542
14595
14457
28108
4217
26881
17470
15872
18519
32737
4413
10380
16206
15524
24191
32849
32878
29631
5781
30814
5181
31882
32446
2738
35011
29730
1309
15123
9711
31882
16800
5510
14777
13873
31541
23632
26792
1880
10144
35179
15318
31920
6316
17035
21894
13332
14944
28260
21719
8985
33111
28621
35507
7389
7770
14523
17602
1882
3446
29129
32509
35610
