104
0
118
30
209
15
255
45
5
89
26
54
211
219
39
229
199
199
101
149
0
250
255
94
212
80
0
203
56
52
88
63
92
178
234
253
241
144
235
165
165
185
82
30
135
122
255
170
8
255
158
6
148
231
91
122
90
69
244
0
38
92
245
185
255
171
233
0
216
20
58
24
129
110
154
241
183
119
181
142
231
247
85
10
176
77
104
62
0
185
255
228
215
121
116
255
172
169
5
133
126
243
162
136
68
223
184
16
179
0
172
186
12
163
231
120
0
240
223
13
10
159
149
86
134
209
255
0
7
42
68
174
10
165
227
242
4
47
238
10
88
133
79
0
193
101
197
233
144
126
31
78
51
255
66
115
119
111
129
246
114
6
108
82
193
73
253
129
164
255
157
145
80
62
238
245
109
174
42
132
14
50
98
67
0
174
186
25
255
85
215
0
42
47
186
76
141
0
192
178
92
74
174
55
248
103
255
250
77
193
124
223
173
192
139
255
153
77
47
252
82
69
169
99
113
11
243
145
92
153
32
236
43
25
152
255
249
78
231
163
161
0
22
203
175
142
138
242
29
214
255
35
0
150
28
38
154
23
13
181
138
227
0
234
216
107
141
255
175
156
163
98
237
127
132
10
182
50
128
106
10
143
245
185
130
28
4
166
234
11
1
255
192
232
93
40
0
121
168
221
4
103
171
122
12
89
68
97
110
3
167
157
160
195
44
120
198
137
19
127
21
241
255
34
0
123
156
254
165
4
55
255
0
200
253
194
103
0
185
255
122
177
213
162
112
105
29
76
210
75
0
98
41
249
189
61
45
163
35
113
16
82
18
255
96
81
211
77
254
145
1
131
15
139
57
212
176
71
141
214
47
102
26
255
65
6
0
248
0
173
56
37
160
203
252
20
4
193
243
254
15
209
158
121
189
255
80
126
228
210
149
78
0
138
124
192
123
253
35
213
187
148
86
199
40
255
194
155
94
108
91
46
200
36
92
189
152
156
212
3
8
221
130
5
234
0
255
233
166
234
211
171
67
182
168
18
221
122
5
43
185
203
237
191
239
186
59
124
167
45
39
0
146
250
250
41
136
14
121
135
251
140
255
45
108
180
15
190
14
17
78
12
62
50
254
255
0
0
2
249
22
81
35
251
137
154
213
255
140
205
255
104
245
80
137
0
187
155
84
189
200
187
233
238
58
248
124
255
0
195
76
255
81
27
155
55
192
245
148
199
228
116
193
46
0
80
106
111
111
225
189
55
134
52
224
246
216
195
222
38
42
255
126
0
40
66
224
204
89
255
143
171
0
17
144
79
46
109
5
78
92
75
43
181
20
147
206
151
43
81
71
40
20
111
237
190
255
146
101
59
0
106
127
255
52
145
100
90
135
26
154
223
162
223
105
203
204
41
252
68
60
18
0
213
74
254
148
10
176
179
0
176
118
7
152
254
144
1
156
182
27
166
255
201
187
13
142
211
74
161
87
146
168
103
165
123
45
60
169
225
0
45
214
143
129
75
125
211
62
86
146
255
251
198
109
10
203
255
0
250
108
101
145
95
247
156
101
165
94
204
124
85
196
145
0
255
44
135
131
141
209
176
91
78
81
143
95
221
15
174
206
112
73
0
255
226
172
237
118
125
17
129
191
20
82
88
71
0
4
154
172
255
239
1
44
163
64
7
236
181
188
133
158
55
180
118
94
18
142
186
19
152
96
119
107
174
19
25
255
0
251
46
173
156
66
154
1
223
4
32
49
162
205
119
215
138
235
0
78
108
199
250
107
255
72
16
196
165
187
73
251
178
213
188
227
64
1
10
222
134
49
88
101
255
53
194
118
83
0
48
174
115
238
180
125
157
41
0
182
109
153
39
11
68
10
107
74
77
17
116
151
219
222
33
172
191
255
234
241
234
202
167
224
135
223
136
15
41
57
0
121
45
78
205
162
18
220
21
255
175
140
139
184
124
212
195
48
212
69
141
240
195
48
124
128
114
161
25
1
255
0
136
103
163
40
91
255
0
111
11
53
253
125
123
196
100
143
87
92
50
230
156
127
145
177
121
187
38
161
232
137
98
171
89
87
103
255
101
246
219
0
106
119
117
61
154
192
176
203
69
164
214
22
222
147
156
193
96
226
20
177
0
65
109
83
31
134
37
33
40
246
255
47
12
125
78
133
0
111
245
22
255
208
159
126
14
86
0
239
255
97
0
129
158
50
152
26
98
72
81
165
255
195
122
140
166
36
36
90
210
245
210
255
52
0
0
67
213
158
72
96
20
255
251
71
128
232
51
154
44
91
139
120
136
0
158
70
255
118
159
212
107
174
193
0
3
125
43
2
55
36
24
123
230
255
94
15
171
164
72
164
122
148
253
102
253
0
139
26
246
63
111
161
0
218
255
4
131
216
161
62
230
90
216
126
238
199
15
0
158
58
16
190
67
82
4
136
17
255
0
171
82
134
170
134
143
6
27
191
73
250
255
24
24
60
208
222
120
206
0
132
15
14
175
91
83
87
48
201
220
210
83
237
45
136
255
95
98
56
122
144
0
134
255
115
249
40
0
64
109
87
0
188
255
114
14
123
138
49
95
225
6
92
234
153
223
17
3
210
73
10
36
1
162
0
193
157
149
239
119
240
212
145
255
27
172
41
183
64
113
172
103
171
112
45
0
204
172
224
16
255
115
112
166
230
171
252
66
26
81
148
136
155
174
39
47
0
184
203
174
80
150
224
142
220
174
10
255
175
111
66
201
153
56
218
193
255
34
183
97
178
142
10
106
237
84
248
208
38
18
0
204
227
166
255
0
224
58
46
100
148
159
43
191
167
210
245
250
52
138
23
204
54
110
79
178
106
251
0
193
237
255
0
53
88
43
32
56
170
102
192
236
69
251
0
89
154
22
22
1
117
44
83
249
214
255
220
26
49
79
183
195
56
167
206
128
62
255
250
0
174
108
160
89
24
90
179
72
242
207
210
242
137
0
5
228
35
207
138
255
144
198
81
121
226
40
97
157
91
54
220
214
53
145
0
60
255
217
183
39
248
121
39
75
215
54
246
215
166
106
184
155
67
239
65
208
63
191
169
24
58
0
198
141
98
57
98
255
18
230
34
185
71
157
126
159
10
74
218
0
178
118
245
255
63
67
65
121
184
254
237
247
255
170
169
176
192
0
147
132
100
61
209
242
21
122
8
87
220
86
212
0
158
132
255
160
148
24
85
166
128
202
13
172
235
209
0
120
4
255
71
0
187
255
140
148
234
216
81
18
0
46
255
255
190
51
186
22
80
26
8
0
