167780.7
83454.1
233710.2
169734.8
133273.5
151676.9
65892.6
218083.9
137313.6
166096.8
146556.1
63033.8
115931.9
193648.6
247841.1
65144.9
64610.8
91710.2
178751.2
177287.2
75034.6
110295.9
125011.1
187114.1
171324.5
42908.7
230461.8
104496.5
264749.1
174792.8
117477.6
118093.3
151978.5
88530.9
229921.4
124935.7
63486.1
182973.5
123364.9
243436.6
158381.1
56970.5
127989.3
60218.9
59138.2
200101.4
253734.7
205253.7
254601.8
224197.5
119324.8
196381.8
116472.3
238265.5
86237.6
84120.1
127813.4
99702.4
180504.2
175483.9
193466.4
56009.2
59622.0
138438.3
144991.6
119928.0
45836.7
51479.0
82417.4
244247.1
187585.3
114844.9
83290.7
230323.6
159059.7
224643.6
210896.0
211260.4
132469.2
193761.7
166612.1
141202.9
81022.5
86250.1
134630.7
127216.5
57686.8
47847.3
162703.9
171927.6
182024.7
123540.8
101103.6
117603.2
59157.0
183287.6
172329.8
104063.0
78754.3
53879.2
165298.9
256191.4
65528.2
70485.6
80658.1
55355.7
258673.3
117697.5
122347.0
59125.6
151501.0
74795.9
134379.3
176916.5
74393.8
70843.8
106375.2
172826.1
98747.4
45434.6
218756.2
125293.8
195062.3
121856.9
143257.5
259345.6
99639.6
162446.3
221916.7
75135.2
56756.9
45849.2
138589.1
70498.2
61733.1
70636.4
159486.9
133870.4
112595.5
131778.1
130911.0
216682.8
66571.2
208973.3
149842.2
139801.7
156433.3
245767.6
67802.7
105294.5
141900.3
137615.2
192071.5
246471.4
246653.6
226252.1
76398.1
233685.1
72628.2
240395.5
243939.2
57278.4
260055.6
226874.1
48299.7
135095.6
101091.0
240395.5
145632.5
74695.4
132921.6
127241.6
238252.9
188559.2
208414.1
51887.4
103811.6
261111.2
136320.8
240634.3
79759.6
147109.1
177639.1
123842.4
133970.9
217637.8
176539.5
96529.4
248117.5
219906.0
263172.1
86501.5
88895.3
131325.7
150671.6
51900.0
61726.9
223097.9
244335.1
263819.2
