0000000000
0110001100
0110010010
0000001100
0000000000
0011000000
0100100110
0010100101
0001000010
0000000000
0000000000
0000000000
1110000000
0000000010
0000001001
0000001001
0110000100
0110000000
0001100000
0001100000
0000000000
0100000000
0100000000
0100000000
0000000111
0000001110
0110000000
0100000000
0000100000
0001100000
0000000000
0000000000
0000000000
0000000000
0000000000
0000000000
0000000000
0000000010
0000000001
0000000111
0000100000
0001010000
0010001000
0010001000
0010001000
0010001000
0010001000
0010001000
0001010000
0000100000
0001110000
0010001000
0100000100
0000000000
1000000010
1000000010
0000000000
0100000100
0010001000
0001110000
0000000000
0010101000
0001110000
0000100000
0000000000
0000000000
0000100000
0001110000
0010101000
0000000000
0000000000
0000000000
0000100000
0001110000
0001110000
0001110000
0001110000
0000100000
0000000000
0000000000
0000000000
0000000000
0000000000
0001110000
0000100000
0000100000
0001110000
0000000000
0000000000
0000000000
0000000000
0000000000
0000000000
0000000000
0000000000
0000000000
0000000000
0000000000
0000000000
0000000000
0000000000
0000000000
0000000010
0000011010
0000100000
0000101000
0000000000
1111110000
1110000010
0000000110
0000000000
0000100000
0001010000
0001001000
0000110100
0100110101
1010000001
1010001101
0100001101
0000000010
0000000000
0000001000
0000010100
1100001000
1010000000
1011000000
1001111100
0111110010
0010011010
0000000100
0000000000
0000000000
0000000000
0000000000
0000000000
0000000000
0011100000
0000000000
0000000000
0000000000
0000000000
0000000000
0000000000
0000000000
0000000000
0000000000
1110000000
0000000000
0000000000
0000000000
0000000000
0011100000
1101101110
1110001110
1000000001
1100000110
0000001110
1110001000
0100000000
0000000000
0000000000
0000000000
0000000000
0011000000
0011000000
0000000000
0000000000
0000000000
0000000000
0000000000
0000000000
0000000000
0000000000
1100011000
1111100100
0001100000
0001110000
0000000000
0000000000
0000000000
0001000000
0010100000
0011000000
0000000000
0000000000
0000000000
0000000000
0000000000
0000000000
0000000000
0000000000
0000000000
0011100000
0100000000
1000000100
0100000100
0011111000
0001111000
0000100100
0000100100
0110000000
0011000000
0011000000
0010001000
0110001000
0000001100
0000101100
0000011100
0000010100
0000001100
0000000000
0000100000
0000010000
0100001000
0000001000
0000100100
1100110000
1111110000
0100100000
0001000000
0000011000
0001100100
0110000010
0110001100
0011011100
0001110000
0000100000
0001100000
0001100100
0000011000
0000011110
0001111001
0010000011
0011101011
0000001100
0000000000
0000000000
0000000000
0000000000
0000000000
0111000000
0101000000
0111000000
0000000000
0000001000
0000011100
0000110110
0000011100
0000001000
0000000000
0000000000
0000000000
0000000000
0000000000
0000000000
0000000000
0000000000
0000000000
0000000000
0000000000
0000000000
0000000000
1100000000
1100000000
0000000000
0000000000
0000000000
0000000110
1100001001
1100000110
0101111100
0100010100
0011000000
0000001100
0001001000
0111100000
0011000000
1010000000
0100000000
0000000000
0000000000
0000000000
0000000000
0000000000
0000000000
0000000000
0000000000
0000000000
0000000000
0000000000
0000000110
0000101001
0010001111
0000001000
0100111111
0100011000
0110110100
0001000000
0000011001
0000000110
0000000000
1110000000
0000000000
0000000110
0000001001
0000001010
0000000100
0000000000
0000000000
0000000000
0000010000
0000010000
0000111100
0000101110
0011000000
0001010100
0000100100
0000011000
0000000000
0000000000
0000000000
0000000000
0000000000
0000000000
0000000000
0000000000
0000000000
0000000000
0000000000
0000000000
0001110000
0001001000
0000111100
0000100010
0000011010
0000010000
0000001000
0000000000
0000001010
0000001000
0000000110
0000000001
0000001101
0000001101
0000000011
0000000010
0000010100
0000011000
0000111000
0000000000
0011000000
0011000000
0000001100
0000001100
0000000110
0000000000
0000000000
0000000000
0000000000
0000000000
0000110000
0001001000
0001001000
0000110000
0000000000
0000000000
0000000000
0000000000
0000000000
0000000000
0000000000
0000000000
0000000000
0000000000
0001100011
0010010100
0001100011
0000000000
0000000000
0000000000
0111100000
1000011000
1011000000
1010000100
0100100100
0000010100
0000010000
0000010100
0000001100
0000000000
0010100000
0000010000
0100010000
1001011000
0000001000
0000000000
0001010100
0001000100
0000111100
0000000000
