326785194
417692583
958413672
764829351
132567849
589134267
895341726
641278935
273956418
547391628
162478593
389265174
614783952
895612347
273549816
931827465
428956731
756134289
385174962
976352418
124698357
569713284
741825639
238946175
853469721
412537896
697281543
749231568
831465792
265798143
417326985
956814237
328579416
592183674
673942851
184657329
491837265
756129843
832465917
174392586
365718492
928546731
219674358
687953124
543281679
928147563
145368297
367952184
589431672
234679851
716825349
491583726
873296415
652714938
496521873
318674592
275398641
834156729
157249368
962783415
683917254
729435186
541862937
528637149
971542836
463189725
285476391
316895274
794321658
839764512
652913487
147258963
146752938
935168247
827934561
459681372
768293154
213547689
591876423
372415896
684329715
962183457
573429816
148657932
759231684
381746529
426598371
295874163
814362795
637915248
597314682
463829751
218756349
674293518
935481267
182567934
326178495
741935826
859642173
219576348
368214759
457983261
183462597
942857613
576139482
624398175
835741926
791625834
649183257
382675194
175249368
298367541
467591823
531428976
854916732
723854619
916732485
976581342
842763915
513294768
784136529
659472183
231958674
467325891
328619457
195847236
279638514
165247893
384159627
917826345
842375169
653491278
491563782
528714936
736982451
542961873
987253614
613748529
729635481
834127956
165489237
271596348
498312765
356874192
952876341
386415927
417239865
869754213
143682579
275391684
698143752
524967138
731528496
149532687
832697514
756814293
981723456
374965128
265481739
423179865
697258341
518346972
654827931
389516274
172394658
598261347
763459812
241783596
836175429
427938165
915642783
746928531
312574689
589613724
137245968
265789413
498361275
654132897
823497156
971856342
586914723
291673458
437285961
815369247
623457189
974821635
152736894
748592316
369148572
973145268
215386479
648279135
597613824
134892657
826457913
461538792
389721546
752964381
376528491
415739826
982146357
567893214
123457689
849612573
298374165
654981732
731265948
958713624
473265918
216849573
584327169
792681345
361594782
825136497
647952831
139478256
713625849
892714536
564389217
921567384
648132975
375498162
437251698
159846723
286973451
156724983
984163752
327895614
618247539
735619428
249538167
893456271
572981346
461372895
347862951
129735846
658941732
974623518
863519427
215478369
492157683
581396274
736284195
862394715
453617928
719258643
384169257
597432186
621875439
135926874
978541362
246783591
874652193
916438257
235719684
489326571
657891342
321547869
763184925
198275436
542963718
384165729
521739846
769824315
815973462
296458173
473216598
958641237
642387951
137592684
246195738
135874926
879623415
524918673
967352841
381467592
753246189
412589367
698731254
784613952
253794618
691582374
548367129
317925846
962148735
429831567
835276491
176459283
271458396
965371284
348629517
597814623
136295478
824736159
712963845
689542731
453187962
836795421
179432568
524681937
763249185
458167293
291358674
345976812
617824359
982513746
189465372
263971458
745832691
628719534
497358126
531624987
914283765
372546819
856197243
398162754
257843916
641957382
875326149
462519837
913478625
134795268
529681473
786234591
126983574
978524631
453716928
792438165
635179482
814265793
341897256
289651347
567342819
458367219
397182546
162459873
834716925
279543168
615298734
546971382
783625491
921834657
972451683
345286917
816397254
457812369
691743825
238569471
563124798
124978536
789635142
426598371
197342685
538617249
264985713
871236954
953174826
349721568
715869432
682453197
392864517
415972863
687153249
923486751
871295634
546317928
734528196
269731485
158649372
378245691
216839574
945716283
187392465
593461827
624578319
752183946
439627158
861954732
735184962
169725834
824963751
917258346
356491287
248637519
592846173
473512698
681379425
985714632
361928457
427536891
693481725
174259368
258367149
819645273
742893516
536172984
415729683
697358412
832641957
549837126
321596748
786412539
173984265
268175394
954263871
928341657
453726918
761859234
389264175
542197386
176538492
835612749
214975863
697483521
918523476
457681293
632794518
189352764
745968132
326147859
594876321
273419685
861235947
519643872
347982651
268157394
195834726
874265913
623719548
756321489
482596137
931478265
459318726
172956843
683274915
721569438
895423167
346187259
917645382
534892671
268731594
618497235
942835716
357162498
169384527
284751963
735926841
421573689
596218374
873649152
