165
66
198
195
135
193
336
247
268
205
178
355
98
229
257
165
282
37
120
160
191
248
248
170
256
330
232
187
612
221
186
292
332
238
274
308
80
115
258
300
316
37
95
293
55
243
150
184
224
342
276
286
263
266
54
252
27
86
126
209
187
94
54
189
163
238
345
183
211
116
326
366
145
115
55
33
152
125
315
122
147
194
167
169
203
174
59
157
321
295
115
104
303
150
123
146
223
44
281
215
273
194
147
341
207
195
168
193
165
74
223
146
151
290
241
269
234
298
182
322
333
170
134
182
346
245
60
371
120
149
66
157
332
196
250
181
105
217
66
251
283
376
313
392
200
129
187
143
121
73
244
247
131
281
258
253
210
250
226
178
317
191
303
176
14
298
243
139
189
72
284
142
204
116
156
254
153
221
260
258
289
214
228
96
130
154
102
173
648
150
194
294
147
80
243
282
200
255
198
158
