100 25 50 10 10 10 10 10 10 10 10 10 10 10 10 10 10 10 10 10
25 25 50 25 25 25 25 25 25 25 25 25 25 25 25 25 25 25 25 25
50 50 50 50 50 50 50 50 50 50 50 50 50 50 50 50 50 50 50 50
10 25 50 10 10 10 10 10 10 10 10 10 10 10 10 10 10 10 10 10
10 25 50 10 10 10 10 10 10 10 10 10 10 10 10 10 10 10 10 10
10 25 50 10 10 10 10 10 10 10 10 10 10 10 10 10 10 10 10 10
10 25 50 10 10 10 10 10 10 10 10 10 10 10 10 10 10 10 10 10
10 25 50 10 10 10 10 10 10 10 10 10 10 10 10 10 10 10 10 10
10 25 50 10 10 10 10 10 10 10 10 10 10 10 10 10 10 10 10 10
10 25 50 10 10 10 10 10 10 10 10 10 10 10 10 10 10 10 10 10
10 25 50 10 10 10 10 10 10 10 10 10 10 10 10 10 10 10 10 10
10 25 50 10 10 10 10 10 10 10 10 10 10 10 10 10 10 10 10 10
10 25 50 10 10 10 10 10 10 10 10 10 10 10 10 10 10 10 10 10
10 25 50 10 10 10 10 10 10 10 10 10 10 10 10 10 10 10 10 10
10 25 50 10 10 10 10 10 10 10 10 10 10 10 10 10 10 10 10 10
10 25 50 10 10 10 10 10 10 10 10 10 10 10 10 10 10 10 10 10
10 25 50 10 10 10 10 10 10 10 10 10 10 10 10 10 10 10 10 10
10 25 50 10 10 10 10 10 10 10 10 10 10 10 10 10 10 10 10 10
10 25 50 10 10 10 10 10 10 10 10 10 10 10 10 10 10 10 10 10
10 25 50 10 10 10 10 10 10 10 10 10 10 10 10 10 10 10 10 10
10 25 50 10 10 10 10 10 10 10 10 10 10 10 10 10 10 10 10 10
10 25 50 10 10 10 10 10 10 10 10 10 10 10 10 10 10 10 10 10
10 25 50 10 10 10 10 10 10 10 10 10 10 10 10 10 10 10 10 10
10 25 50 10 10 10 10 10 10 10 10 10 10 10 10 10 10 10 10 10
10 25 50 10 10 10 10 10 10 10 10 10 10 10 10 10 10 10 10 10
10 25 50 10 10 10 10 10 10 10 10 10 10 10 10 10 10 10 10 10
10 25 50 10 10 10 10 10 10 10 10 10 10 10 10 10 10 10 10 10
10 25 50 10 10 10 10 10 10 10 10 10 10 10 10 10 10 10 10 10
50 50 50 50 50 50 50 50 50 50 50 50 50 50 50 50 50 50 50 50
25 25 50 25 25 25 25 25 25 25 25 25 25 25 25 25 25 25 25 25
100 25 50 10 10 10 10 10 10 10 10 10 10 10 10 10 10 10 10 10
25 25 50 25 25 25 25 25 25 25 25 25 25 25 25 25 25 25 25 25
50 50 50 50 50 50 50 50 50 50 50 50 50 50 50 50 50 50 50 50
10 25 50 10 10 10 10 10 10 10 10 10 10 10 10 10 10 10 10 10
10 25 50 10 10 10 10 10 10 10 10 10 10 10 10 10 10 10 10 10
10 25 50 10 10 10 10 10 10 10 10 10 10 10 10 10 10 10 10 10
10 25 50 10 10 10 10 10 10 10 10 10 10 10 10 10 10 10 10 10
10 25 50 10 10 10 10 10 10 10 10 10 10 10 10 10 10 10 10 10
10 25 50 10 10 10 10 10 10 10 10 10 10 10 10 10 10 10 10 10
10 25 50 10 10 10 10 10 10 10 10 10 10 10 10 10 10 10 10 10
10 25 50 10 10 10 10 10 10 10 10 10 10 10 10 10 10 10 10 10
10 25 50 10 10 10 10 10 10 10 10 10 10 10 10 10 10 10 10 10
10 25 50 10 10 10 10 10 10 10 10 10 10 10 10 10 10 10 10 10
10 25 50 10 10 10 10 10 10 10 10 10 10 10 10 10 10 10 10 10
10 25 50 10 10 10 10 10 10 10 10 10 10 10 10 10 10 10 10 10
10 25 50 10 10 10 10 10 10 10 10 10 10 10 10 10 10 10 10 10
10 25 50 10 10 10 10 10 10 10 10 10 10 10 10 10 10 10 10 10
10 25 50 10 10 10 10 10 10 10 10 10 10 10 10 10 10 10 10 10
10 25 50 10 10 10 10 10 10 10 10 10 10 10 10 10 10 10 10 10
10 25 50 10 10 10 10 10 10 10 10 10 10 10 10 10 10 10 10 10
10 25 50 10 10 10 10 10 10 10 10 10 10 10 10 10 10 10 10 10
10 25 50 10 10 10 10 10 10 10 10 10 10 10 10 10 10 10 10 10
10 25 50 10 10 10 10 10 10 10 10 10 10 10 10 10 10 10 10 10
10 25 50 10 10 10 10 10 10 10 10 10 10 10 10 10 10 10 10 10
10 25 50 10 10 10 10 10 10 10 10 10 10 10 10 10 10 10 10 10
10 25 50 10 10 10 10 10 10 10 10 10 10 10 10 10 10 10 10 10
10 25 50 10 10 10 10 10 10 10 10 10 10 10 10 10 10 10 10 10
50 50 50 50 50 50 50 50 50 50 50 50 50 50 50 50 50 50 50 50
25 25 50 25 25 25 25 25 25 25 25 25 25 25 25 25 25 25 25 25
100 25 50 10 10 10 10 10 10 10 10 10 10 10 10 10 10 10 10 10
10 10 10 10 10 10 10 10 50 25 10 25 50 10 10 10 10 10 10 10
10 10 10 10 10 10 10 10 50 25 10 25 50 10 10 10 10 10 10 10
10 10 10 10 10 10 10 10 50 25 10 25 50 10 10 10 10 10 10 10
10 10 10 10 10 10 10 10 50 25 10 25 50 10 10 10 10 10 10 10
10 10 10 10 10 10 10 10 50 25 10 25 50 10 10 10 10 10 10 10
10 10 10 10 10 10 10 10 50 25 10 25 50 10 10 10 10 10 10 10
10 10 10 10 10 10 10 10 50 25 10 25 50 10 10 10 10 10 10 10
10 10 10 10 10 10 10 10 50 25 10 25 50 10 10 10 10 10 10 10
10 10 10 10 10 10 10 10 50 25 10 25 50 10 10 10 10 10 10 10
10 10 10 10 10 10 10 10 50 25 10 25 50 10 10 10 10 10 10 10
10 10 10 10 10 10 10 10 50 25 10 25 50 10 10 10 10 10 10 10
10 10 10 10 10 10 10 10 50 25 10 25 50 10 10 10 10 10 10 10
10 10 10 10 10 10 10 10 50 25 10 25 50 10 10 10 10 10 10 10
10 10 10 10 10 10 10 10 50 25 10 25 50 10 10 10 10 10 10 10
10 10 10 10 10 10 10 10 50 25 10 25 50 10 10 10 10 10 10 10
10 10 10 10 10 10 10 10 50 25 10 25 50 10 10 10 10 10 10 10
10 10 10 10 10 10 10 10 50 25 10 25 50 10 10 10 10 10 10 10
50 50 50 50 50 50 50 50 50 50 50 50 50 50 50 50 50 50 50 50
25 25 25 25 25 25 25 25 50 25 25 25 50 25 25 25 25 25 25 25
10 10 10 10 10 10 10 10 50 25 100 25 50 10 10 10 10 10 10 10
10 10 10 10 10 10 10 10 10 10 10 10 10 10 10 10 10 50 25 10
10 10 10 10 10 10 10 10 10 10 10 10 10 10 10 10 10 50 25 10
10 10 10 10 10 10 10 10 10 10 10 10 10 10 10 10 10 50 25 10
10 10 10 10 10 10 10 10 10 10 10 10 10 10 10 10 10 50 25 10
10 10 10 10 10 10 10 10 10 10 10 10 10 10 10 10 10 50 25 10
10 10 10 10 10 10 10 10 10 10 10 10 10 10 10 10 10 50 25 10
10 10 10 10 10 10 10 10 10 10 10 10 10 10 10 10 10 50 25 10
10 10 10 10 10 10 10 10 10 10 10 10 10 10 10 10 10 50 25 10
10 10 10 10 10 10 10 10 10 10 10 10 10 10 10 10 10 50 25 10
10 10 10 10 10 10 10 10 10 10 10 10 10 10 10 10 10 50 25 10
10 10 10 10 10 10 10 10 10 10 10 10 10 10 10 10 10 50 25 10
10 10 10 10 10 10 10 10 10 10 10 10 10 10 10 10 10 50 25 10
10 10 10 10 10 10 10 10 10 10 10 10 10 10 10 10 10 50 25 10
10 10 10 10 10 10 10 10 10 10 10 10 10 10 10 10 10 50 25 10
10 10 10 10 10 10 10 10 10 10 10 10 10 10 10 10 10 50 25 10
10 10 10 10 10 10 10 10 10 10 10 10 10 10 10 10 10 50 25 10
10 10 10 10 10 10 10 10 10 10 10 10 10 10 10 10 10 50 25 10
50 50 50 50 50 50 50 50 50 50 50 50 50 50 50 50 50 50 50 50
25 25 25 25 25 25 25 25 25 25 25 25 25 25 25 25 25 50 25 25
10 10 10 10 10 10 10 10 10 10 10 10 10 10 10 10 10 50 25 100
10 10 10 10 10 10 10 10 10 10 10 10 10 10 10 10 10 50 25 10
10 10 10 10 10 10 10 10 10 10 10 10 10 10 10 10 10 50 25 10
10 10 10 10 10 10 10 10 10 10 10 10 10 10 10 10 10 50 25 10
10 10 10 10 10 10 10 10 10 10 10 10 10 10 10 10 10 50 25 10
10 10 10 10 10 10 10 10 10 10 10 10 10 10 10 10 10 50 25 10
10 10 10 10 10 10 10 10 10 10 10 10 10 10 10 10 10 50 25 10
10 10 10 10 10 10 10 10 10 10 10 10 10 10 10 10 10 50 25 10
10 10 10 10 10 10 10 10 10 10 10 10 10 10 10 10 10 50 25 10
50 50 50 50 50 50 50 50 50 50 50 50 50 50 50 50 50 50 50 50
25 25 25 25 25 25 25 25 25 25 25 25 25 25 25 25 25 50 25 25
10 10 10 10 10 10 10 10 10 10 10 10 10 10 10 10 10 50 25 100
25 25 25 25 25 25 25 25 25 25 25 25 25 25 25 25 25 50 25 25
50 50 50 50 50 50 50 50 50 50 50 50 50 50 50 50 50 50 50 50
10 10 10 10 10 10 10 10 10 10 10 10 10 10 10 10 10 50 25 10
10 10 10 10 10 10 10 10 10 10 10 10 10 10 10 10 10 50 25 10
10 10 10 10 10 10 10 10 10 10 10 10 10 10 10 10 10 50 25 10
10 10 10 10 10 10 10 10 10 10 10 10 10 10 10 10 10 50 25 10
10 10 10 10 10 10 10 10 10 10 10 10 10 10 10 10 10 50 25 10
10 10 10 10 10 10 10 10 10 10 10 10 10 10 10 10 10 50 25 10
10 10 10 10 10 10 10 10 10 10 10 10 10 10 10 10 10 50 25 10
10 10 10 10 10 10 10 10 10 10 10 10 10 10 10 10 10 50 25 100
25 25 25 25 25 25 25 25 25 25 25 25 25 25 25 25 25 50 25 25
50 50 50 50 50 50 50 50 50 50 50 50 50 50 50 50 50 50 50 50
10 10 10 10 10 10 10 10 10 10 10 10 10 10 10 10 10 50 25 10
10 10 10 10 10 10 10 10 10 10 10 10 10 10 10 10 10 50 25 10
10 10 10 10 10 10 10 10 10 10 10 10 10 10 10 10 10 50 25 10
10 10 10 10 10 10 10 10 10 10 10 10 10 10 10 10 10 50 25 10
10 10 10 10 10 10 10 10 10 10 10 10 10 10 10 10 10 50 25 10
10 10 10 10 10 10 10 10 10 10 10 10 10 10 10 10 10 50 25 10
10 10 10 10 10 10 10 10 10 10 10 10 10 10 10 10 10 50 25 10
10 10 10 10 10 10 10 10 10 10 10 10 10 10 10 10 10 50 25 10
10 10 10 10 10 10 10 10 10 10 10 10 10 10 10 10 10 50 25 10
10 10 10 10 10 10 10 10 10 10 10 10 10 10 10 10 10 50 25 10
10 10 10 10 10 10 10 10 10 10 10 10 10 10 10 10 10 50 25 10
10 10 10 10 10 10 10 10 10 10 10 10 10 10 10 10 10 50 25 10
10 10 10 10 10 10 10 10 10 10 10 10 10 10 10 10 10 50 25 10
10 10 10 10 10 10 10 10 10 10 10 10 10 10 10 10 10 50 25 10
10 10 10 10 10 10 10 10 10 10 10 10 10 10 10 10 10 50 25 10
10 10 10 10 10 10 10 10 10 10 10 10 10 10 10 10 10 50 25 10
10 10 10 10 10 10 10 10 10 10 10 10 10 10 10 10 10 50 25 10
10 10 10 10 10 10 10 10 50 25 100 25 50 10 10 10 10 10 10 10
25 25 25 25 25 25 25 25 50 25 25 25 50 25 25 25 25 25 25 25
50 50 50 50 50 50 50 50 50 50 50 50 50 50 50 50 50 50 50 50
10 10 10 10 10 10 10 10 50 25 10 25 50 10 10 10 10 10 10 10
10 10 10 10 10 10 10 10 50 25 10 25 50 10 10 10 10 10 10 10
10 10 10 10 10 10 10 10 50 25 10 25 50 10 10 10 10 10 10 10
10 10 10 10 10 10 10 10 50 25 10 25 50 10 10 10 10 10 10 10
10 10 10 10 10 10 10 10 50 25 10 25 50 10 10 10 10 10 10 10
10 10 10 10 10 10 10 10 50 25 10 25 50 10 10 10 10 10 10 10
10 10 10 10 10 10 10 10 50 25 10 25 50 10 10 10 10 10 10 10
10 10 10 10 10 10 10 10 50 25 10 25 50 10 10 10 10 10 10 10
10 10 10 10 10 10 10 10 50 25 10 25 50 10 10 10 10 10 10 10
10 10 10 10 10 10 10 10 50 25 10 25 50 10 10 10 10 10 10 10
10 10 10 10 10 10 10 10 50 25 10 25 50 10 10 10 10 10 10 10
10 10 10 10 10 10 10 10 50 25 10 25 50 10 10 10 10 10 10 10
10 10 10 10 10 10 10 10 50 25 10 25 50 10 10 10 10 10 10 10
10 10 10 10 10 10 10 10 50 25 10 25 50 10 10 10 10 10 10 10
10 10 10 10 10 10 10 10 50 25 10 25 50 10 10 10 10 10 10 10
10 10 10 10 10 10 10 10 50 25 10 25 50 10 10 10 10 10 10 10
10 10 10 10 10 10 10 10 50 25 10 25 50 10 10 10 10 10 10 10
25 25 25 50 25 25 25 25 25 25 25 25 25 25 25 25 25 25 25 25
25 100 25 50 10 10 10 10 10 10 10 10 10 10 10 10 10 10 10 10
25 25 25 50 25 25 25 25 25 25 25 25 25 25 25 25 25 25 25 25
50 50 50 50 50 50 50 50 50 50 50 50 50 50 50 50 50 50 50 50
25 10 25 50 10 10 10 10 10 10 10 10 10 10 10 10 10 10 10 10
25 10 25 50 10 10 10 10 10 10 10 10 10 10 10 10 10 10 10 10
25 10 25 50 10 10 10 10 10 10 10 10 10 10 10 10 10 10 10 10
25 10 25 50 10 10 10 10 10 10 10 10 10 10 10 10 10 10 10 10
25 10 25 50 10 10 10 10 10 10 10 10 10 10 10 10 10 10 10 10
25 10 25 50 10 10 10 10 10 10 10 10 10 10 10 10 10 10 10 10
25 10 25 50 10 10 10 10 10 10 10 10 10 10 10 10 10 10 10 10
25 10 25 50 10 10 10 10 10 10 10 10 10 10 10 10 10 10 10 10
25 10 25 50 10 10 10 10 10 10 10 10 10 10 10 10 10 10 10 10
25 10 25 50 10 10 10 10 10 10 10 10 10 10 10 10 10 10 10 10
25 10 25 50 10 10 10 10 10 10 10 10 10 10 10 10 10 10 10 10
25 10 25 50 10 10 10 10 10 10 10 10 10 10 10 10 10 10 10 10
25 10 25 50 10 10 10 10 10 10 10 10 10 10 10 10 10 10 10 10
25 10 25 50 10 10 10 10 10 10 10 10 10 10 10 10 10 10 10 10
25 10 25 50 10 10 10 10 10 10 10 10 10 10 10 10 10 10 10 10
25 10 25 50 10 10 10 10 10 10 10 10 10 10 10 10 10 10 10 10
25 25 25 25 25 25 25 25 25 25 25 25 25 25 25 25 50 25 25 25
10 10 10 10 10 10 10 10 10 10 10 10 10 10 10 10 50 25 100 25
25 25 25 25 25 25 25 25 25 25 25 25 25 25 25 25 50 25 25 25
50 50 50 50 50 50 50 50 50 50 50 50 50 50 50 50 50 50 50 50
10 10 10 10 10 10 10 10 10 10 10 10 10 10 10 10 50 25 10 25
10 10 10 10 10 10 10 10 10 10 10 10 10 10 10 10 50 25 10 25
10 10 10 10 10 10 10 10 10 10 10 10 10 10 10 10 50 25 10 25
10 10 10 10 10 10 10 10 10 10 10 10 10 10 10 10 50 25 10 25
10 10 10 10 10 10 10 10 10 10 10 10 10 10 10 10 50 25 10 25
10 10 10 10 10 10 10 10 10 10 10 10 10 10 10 10 50 25 10 25
10 10 10 10 10 10 10 10 10 10 10 10 10 10 10 10 50 25 10 25
10 10 10 10 10 10 10 10 10 10 10 10 10 10 10 10 50 25 10 25
10 10 10 10 10 10 10 10 10 10 10 10 10 10 10 10 50 25 10 25
10 10 10 10 10 10 10 10 10 10 10 10 10 10 10 10 50 25 10 25
10 10 10 10 10 10 10 10 10 10 10 10 10 10 10 10 50 25 10 25
10 10 10 10 10 10 10 10 10 10 10 10 10 10 10 10 50 25 10 25
10 10 10 10 10 10 10 10 10 10 10 10 10 10 10 10 50 25 10 25
10 10 10 10 10 10 10 10 10 10 10 10 10 10 10 10 50 25 10 25
10 10 10 10 10 10 10 10 10 10 10 10 10 10 10 10 50 25 10 25
10 10 10 10 10 10 10 10 10 10 10 10 10 10 10 10 50 25 10 25
10 10 10 10 10 10 10 10 10 10 10 10 10 10 10 10 50 25 10 25
10 10 10 10 10 10 10 10 10 10 10 10 10 10 10 10 50 25 10 25
10 10 10 10 10 10 10 10 10 10 10 10 10 10 10 10 50 25 10 25
10 10 10 10 10 10 10 10 10 10 10 10 10 10 10 10 50 25 10 25
10 10 10 10 10 10 10 10 10 10 10 10 10 10 10 10 50 25 10 25
10 10 10 10 10 10 10 10 10 10 10 10 10 10 10 10 50 25 10 25
10 10 10 10 10 10 10 10 10 10 10 10 10 10 10 10 50 25 10 25
10 10 10 10 10 10 10 10 10 10 10 10 10 10 10 10 50 25 10 25
10 10 10 10 10 10 10 10 10 10 10 10 10 10 10 10 50 25 10 25
10 10 10 10 10 10 10 10 10 10 10 10 10 10 10 10 50 25 10 25
10 10 10 10 10 10 10 10 10 10 10 10 10 10 10 10 50 25 10 25
10 10 10 10 10 10 10 10 10 10 10 10 10 10 10 10 50 25 10 25
10 10 10 10 10 10 10 10 10 10 10 10 10 10 10 10 50 25 10 25
10 10 10 10 10 10 10 10 10 10 10 10 10 10 10 10 50 25 10 25
10 10 10 10 10 10 10 10 10 10 10 10 10 10 10 10 50 25 10 25
10 10 10 10 10 10 10 10 10 10 10 10 10 10 10 10 50 25 10 25
50 50 50 50 50 50 50 50 50 50 50 50 50 50 50 50 50 50 50 50
25 25 25 25 25 25 25 25 25 25 25 25 25 25 25 25 50 25 25 25
10 10 10 10 10 10 10 10 10 10 10 10 10 10 10 10 50 25 100 25
25 25 25 25 25 25 25 25 25 25 25 25 25 25 25 25 50 25 25 25
25 10 25 50 10 10 10 10 10 10 10 10 10 10 10 10 10 10 10 10
25 10 25 50 10 10 10 10 10 10 10 10 10 10 10 10 10 10 10 10
25 10 25 50 10 10 10 10 10 10 10 10 10 10 10 10 10 10 10 10
25 10 25 50 10 10 10 10 10 10 10 10 10 10 10 10 10 10 10 10
25 10 25 50 10 10 10 10 10 10 10 10 10 10 10 10 10 10 10 10
25 10 25 50 10 10 10 10 10 10 10 10 10 10 10 10 10 10 10 10
25 10 25 50 10 10 10 10 10 10 10 10 10 10 10 10 10 10 10 10
25 10 25 50 10 10 10 10 10 10 10 10 10 10 10 10 10 10 10 10
25 10 25 50 10 10 10 10 10 10 10 10 10 10 10 10 10 10 10 10
25 10 25 50 10 10 10 10 10 10 10 10 10 10 10 10 10 10 10 10
25 10 25 50 10 10 10 10 10 10 10 10 10 10 10 10 10 10 10 10
25 10 25 50 10 10 10 10 10 10 10 10 10 10 10 10 10 10 10 10
25 10 25 50 10 10 10 10 10 10 10 10 10 10 10 10 10 10 10 10
25 10 25 50 10 10 10 10 10 10 10 10 10 10 10 10 10 10 10 10
25 10 25 50 10 10 10 10 10 10 10 10 10 10 10 10 10 10 10 10
25 10 25 50 10 10 10 10 10 10 10 10 10 10 10 10 10 10 10 10
50 50 50 50 50 50 50 50 50 50 50 50 50 50 50 50 50 50 50 50
25 25 25 50 25 25 25 25 25 25 25 25 25 25 25 25 25 25 25 25
25 100 25 50 10 10 10 10 10 10 10 10 10 10 10 10 10 10 10 10
25 25 25 50 25 25 25 25 25 25 25 25 25 25 25 25 25 25 25 25
50 25 10 25 50 10 10 10 10 10 10 10 10 10 10 10 10 10 10 10
50 25 10 25 50 10 10 10 10 10 10 10 10 10 10 10 10 10 10 10
50 25 10 25 50 10 10 10 10 10 10 10 10 10 10 10 10 10 10 10
50 25 10 25 50 10 10 10 10 10 10 10 10 10 10 10 10 10 10 10
50 25 10 25 50 10 10 10 10 10 10 10 10 10 10 10 10 10 10 10
50 25 10 25 50 10 10 10 10 10 10 10 10 10 10 10 10 10 10 10
50 25 10 25 50 10 10 10 10 10 10 10 10 10 10 10 10 10 10 10
50 25 10 25 50 10 10 10 10 10 10 10 10 10 10 10 10 10 10 10
50 25 10 25 50 10 10 10 10 10 10 10 10 10 10 10 10 10 10 10
50 25 10 25 50 10 10 10 10 10 10 10 10 10 10 10 10 10 10 10
50 25 10 25 50 10 10 10 10 10 10 10 10 10 10 10 10 10 10 10
50 50 50 50 50 50 50 50 50 50 50 50 50 50 50 50 50 50 50 50
50 25 25 25 50 25 25 25 25 25 25 25 25 25 25 25 25 25 25 25
50 25 100 25 50 10 10 10 10 10 10 10 10 10 10 10 10 10 10 10
50 25 25 25 50 25 25 25 25 25 25 25 25 25 25 25 25 25 25 25
50 50 50 50 50 50 50 50 50 50 50 50 50 50 50 50 50 50 50 50
50 25 10 25 50 10 10 10 10 10 10 10 10 10 10 10 10 10 10 10
50 25 10 25 50 10 10 10 10 10 10 10 10 10 10 10 10 10 10 10
50 25 10 25 50 10 10 10 10 10 10 10 10 10 10 10 10 10 10 10
50 25 10 25 50 10 10 10 10 10 10 10 10 10 10 10 10 10 10 10
10 10 10 10 10 10 10 10 10 10 10 50 25 10 25 50 10 10 10 10
10 10 10 10 10 10 10 10 10 10 10 50 25 10 25 50 10 10 10 10
10 10 10 10 10 10 10 10 10 10 10 50 25 10 25 50 10 10 10 10
10 10 10 10 10 10 10 10 10 10 10 50 25 10 25 50 10 10 10 10
10 10 10 10 10 10 10 10 10 10 10 50 25 10 25 50 10 10 10 10
10 10 10 10 10 10 10 10 10 10 10 50 25 10 25 50 10 10 10 10
10 10 10 10 10 10 10 10 10 10 10 50 25 10 25 50 10 10 10 10
10 10 10 10 10 10 10 10 10 10 10 50 25 10 25 50 10 10 10 10
50 50 50 50 50 50 50 50 50 50 50 50 50 50 50 50 50 50 50 50
25 25 25 25 25 25 25 25 25 25 25 50 25 25 25 50 25 25 25 25
10 10 10 10 10 10 10 10 10 10 10 50 25 100 25 50 10 10 10 10
25 25 25 25 25 25 25 25 25 25 25 50 25 25 25 50 25 25 25 25
50 50 50 50 50 50 50 50 50 50 50 50 50 50 50 50 50 50 50 50
10 10 10 10 10 10 10 10 10 10 10 50 25 10 25 50 10 10 10 10
10 10 10 10 10 10 10 10 10 10 10 50 25 10 25 50 10 10 10 10
10 10 10 10 10 10 10 10 10 10 10 50 25 10 25 50 10 10 10 10
10 10 10 10 10 10 10 10 10 10 10 50 25 10 25 50 10 10 10 10
10 10 10 10 10 10 10 10 10 10 10 50 25 10 25 50 10 10 10 10
10 10 10 10 10 10 10 10 10 10 10 50 25 10 25 50 10 10 10 10
10 10 10 10 10 10 10 10 10 10 10 50 25 10 25 50 10 10 10 10
10 10 10 10 10 10 10 10 10 10 10 10 10 10 10 10 10 50 25 10
10 10 10 10 10 10 10 10 10 10 10 10 10 10 10 10 10 50 25 10
10 10 10 10 10 10 10 10 10 10 10 10 10 10 10 10 10 50 25 10
10 10 10 10 10 10 10 10 10 10 10 10 10 10 10 10 10 50 25 10
10 10 10 10 10 10 10 10 10 10 10 10 10 10 10 10 10 50 25 10
10 10 10 10 10 10 10 10 10 10 10 10 10 10 10 10 10 50 25 10
10 10 10 10 10 10 10 10 10 10 10 10 10 10 10 10 10 50 25 10
10 10 10 10 10 10 10 10 10 10 10 10 10 10 10 10 10 50 25 10
10 10 10 10 10 10 10 10 10 10 10 10 10 10 10 10 10 50 25 10
10 10 10 10 10 10 10 10 10 10 10 10 10 10 10 10 10 50 25 10
50 50 50 50 50 50 50 50 50 50 50 50 50 50 50 50 50 50 50 50
25 25 25 25 25 25 25 25 25 25 25 25 25 25 25 25 25 50 25 25
10 10 10 10 10 10 10 10 10 10 10 10 10 10 10 10 10 50 25 100
25 25 25 25 25 25 25 25 25 25 25 25 25 25 25 25 25 50 25 25
50 50 50 50 50 50 50 50 50 50 50 50 50 50 50 50 50 50 50 50
10 10 10 10 10 10 10 10 10 10 10 10 10 10 10 10 10 50 25 10
10 10 10 10 10 10 10 10 10 10 10 10 10 10 10 10 10 50 25 10
10 10 10 10 10 10 10 10 10 10 10 10 10 10 10 10 10 50 25 10
10 10 10 10 10 10 10 10 10 10 10 10 10 10 10 10 10 50 25 10
10 10 10 10 10 10 10 10 10 10 10 10 10 10 10 10 10 50 25 10
10 10 10 50 25 10 25 50 10 10 10 10 10 10 10 10 10 10 10 10
10 10 10 50 25 10 25 50 10 10 10 10 10 10 10 10 10 10 10 10
10 10 10 50 25 10 25 50 10 10 10 10 10 10 10 10 10 10 10 10
10 10 10 50 25 10 25 50 10 10 10 10 10 10 10 10 10 10 10 10
10 10 10 50 25 10 25 50 10 10 10 10 10 10 10 10 10 10 10 10
10 10 10 50 25 10 25 50 10 10 10 10 10 10 10 10 10 10 10 10
10 10 10 50 25 10 25 50 10 10 10 10 10 10 10 10 10 10 10 10
10 10 10 50 25 10 25 50 10 10 10 10 10 10 10 10 10 10 10 10
10 10 10 50 25 10 25 50 10 10 10 10 10 10 10 10 10 10 10 10
10 10 10 50 25 10 25 50 10 10 10 10 10 10 10 10 10 10 10 10
10 10 10 50 25 10 25 50 10 10 10 10 10 10 10 10 10 10 10 10
10 10 10 50 25 10 25 50 10 10 10 10 10 10 10 10 10 10 10 10
10 10 10 50 25 10 25 50 10 10 10 10 10 10 10 10 10 10 10 10
10 10 10 50 25 10 25 50 10 10 10 10 10 10 10 10 10 10 10 10
10 10 10 50 25 10 25 50 10 10 10 10 10 10 10 10 10 10 10 10
10 10 10 50 25 10 25 50 10 10 10 10 10 10 10 10 10 10 10 10
50 50 50 50 50 50 50 50 50 50 50 50 50 50 50 50 50 50 50 50
25 25 25 50 25 25 25 50 25 25 25 25 25 25 25 25 25 25 25 25
10 10 10 50 25 100 25 50 10 10 10 10 10 10 10 10 10 10 10 10
25 25 25 50 25 25 25 50 25 25 25 25 25 25 25 25 25 25 25 25
25 10 25 50 10 10 10 10 10 10 10 10 10 10 10 10 10 10 10 10
25 10 25 50 10 10 10 10 10 10 10 10 10 10 10 10 10 10 10 10
25 10 25 50 10 10 10 10 10 10 10 10 10 10 10 10 10 10 10 10
25 10 25 50 10 10 10 10 10 10 10 10 10 10 10 10 10 10 10 10
25 10 25 50 10 10 10 10 10 10 10 10 10 10 10 10 10 10 10 10
50 50 50 50 50 50 50 50 50 50 50 50 50 50 50 50 50 50 50 50
25 25 25 50 25 25 25 25 25 25 25 25 25 25 25 25 25 25 25 25
25 100 25 50 10 10 10 10 10 10 10 10 10 10 10 10 10 10 10 10
25 25 25 50 25 25 25 25 25 25 25 25 25 25 25 25 25 25 25 25
50 50 50 50 50 50 50 50 50 50 50 50 50 50 50 50 50 50 50 50
25 10 25 50 10 10 10 10 10 10 10 10 10 10 10 10 10 10 10 10
25 10 25 50 10 10 10 10 10 10 10 10 10 10 10 10 10 10 10 10
25 10 25 50 10 10 10 10 10 10 10 10 10 10 10 10 10 10 10 10
25 10 25 50 10 10 10 10 10 10 10 10 10 10 10 10 10 10 10 10
25 10 25 50 10 10 10 10 10 10 10 10 10 10 10 10 10 10 10 10
25 10 25 50 10 10 10 10 10 10 10 10 10 10 10 10 10 10 10 10
25 10 25 50 10 10 10 10 10 10 10 10 10 10 10 10 10 10 10 10
25 10 25 50 10 10 10 10 10 10 10 10 10 10 10 10 10 10 10 10
25 10 25 50 10 10 10 10 10 10 10 10 10 10 10 10 10 10 10 10
25 10 25 50 10 10 10 10 10 10 10 10 10 10 10 10 10 10 10 10
50 25 10 25 50 10 10 10 10 10 10 10 10 10 10 10 10 10 10 10
50 25 10 25 50 10 10 10 10 10 10 10 10 10 10 10 10 10 10 10
50 25 10 25 50 10 10 10 10 10 10 10 10 10 10 10 10 10 10 10
50 25 10 25 50 10 10 10 10 10 10 10 10 10 10 10 10 10 10 10
50 25 10 25 50 10 10 10 10 10 10 10 10 10 10 10 10 10 10 10
50 25 10 25 50 10 10 10 10 10 10 10 10 10 10 10 10 10 10 10
50 25 10 25 50 10 10 10 10 10 10 10 10 10 10 10 10 10 10 10
50 25 10 25 50 10 10 10 10 10 10 10 10 10 10 10 10 10 10 10
50 25 10 25 50 10 10 10 10 10 10 10 10 10 10 10 10 10 10 10
50 25 10 25 50 10 10 10 10 10 10 10 10 10 10 10 10 10 10 10
50 25 10 25 50 10 10 10 10 10 10 10 10 10 10 10 10 10 10 10
50 25 10 25 50 10 10 10 10 10 10 10 10 10 10 10 10 10 10 10
50 25 10 25 50 10 10 10 10 10 10 10 10 10 10 10 10 10 10 10
50 25 10 25 50 10 10 10 10 10 10 10 10 10 10 10 10 10 10 10
50 50 50 50 50 50 50 50 50 50 50 50 50 50 50 50 50 50 50 50
50 25 25 25 50 25 25 25 25 25 25 25 25 25 25 25 25 25 25 25
50 25 100 25 50 10 10 10 10 10 10 10 10 10 10 10 10 10 10 10
50 25 25 25 50 25 25 25 25 25 25 25 25 25 25 25 25 25 25 25
50 50 50 50 50 50 50 50 50 50 50 50 50 50 50 50 50 50 50 50
50 25 10 25 50 10 10 10 10 10 10 10 10 10 10 10 10 10 10 10
25 10 25 50 10 10 10 10 10 10 10 10 10 10 10 10 10 10 10 10
25 10 25 50 10 10 10 10 10 10 10 10 10 10 10 10 10 10 10 10
25 10 25 50 10 10 10 10 10 10 10 10 10 10 10 10 10 10 10 10
50 50 50 50 50 50 50 50 50 50 50 50 50 50 50 50 50 50 50 50
25 25 25 50 25 25 25 25 25 25 25 25 25 25 25 25 25 25 25 25
25 100 25 50 10 10 10 10 10 10 10 10 10 10 10 10 10 10 10 10
25 25 25 50 25 25 25 25 25 25 25 25 25 25 25 25 25 25 25 25
50 50 50 50 50 50 50 50 50 50 50 50 50 50 50 50 50 50 50 50
25 10 25 50 10 10 10 10 10 10 10 10 10 10 10 10 10 10 10 10
25 10 25 50 10 10 10 10 10 10 10 10 10 10 10 10 10 10 10 10
25 10 25 50 10 10 10 10 10 10 10 10 10 10 10 10 10 10 10 10
25 10 25 50 10 10 10 10 10 10 10 10 10 10 10 10 10 10 10 10
25 10 25 50 10 10 10 10 10 10 10 10 10 10 10 10 10 10 10 10
25 10 25 50 10 10 10 10 10 10 10 10 10 10 10 10 10 10 10 10
25 10 25 50 10 10 10 10 10 10 10 10 10 10 10 10 10 10 10 10
25 10 25 50 10 10 10 10 10 10 10 10 10 10 10 10 10 10 10 10
25 10 25 50 10 10 10 10 10 10 10 10 10 10 10 10 10 10 10 10
25 10 25 50 10 10 10 10 10 10 10 10 10 10 10 10 10 10 10 10
25 10 25 50 10 10 10 10 10 10 10 10 10 10 10 10 10 10 10 10
25 10 25 50 10 10 10 10 10 10 10 10 10 10 10 10 10 10 10 10
10 10 50 25 10 25 50 10 10 10 10 10 10 10 10 10 10 10 10 10
10 10 50 25 10 25 50 10 10 10 10 10 10 10 10 10 10 10 10 10
10 10 50 25 10 25 50 10 10 10 10 10 10 10 10 10 10 10 10 10
10 10 50 25 10 25 50 10 10 10 10 10 10 10 10 10 10 10 10 10
10 10 50 25 10 25 50 10 10 10 10 10 10 10 10 10 10 10 10 10
10 10 50 25 10 25 50 10 10 10 10 10 10 10 10 10 10 10 10 10
10 10 50 25 10 25 50 10 10 10 10 10 10 10 10 10 10 10 10 10
50 50 50 50 50 50 50 50 50 50 50 50 50 50 50 50 50 50 50 50
25 25 50 25 25 25 50 25 25 25 25 25 25 25 25 25 25 25 25 25
10 10 50 25 100 25 50 10 10 10 10 10 10 10 10 10 10 10 10 10
25 25 50 25 25 25 50 25 25 25 25 25 25 25 25 25 25 25 25 25
50 50 50 50 50 50 50 50 50 50 50 50 50 50 50 50 50 50 50 50
10 10 50 25 10 25 50 10 10 10 10 10 10 10 10 10 10 10 10 10
10 10 50 25 10 25 50 10 10 10 10 10 10 10 10 10 10 10 10 10
10 10 50 25 10 25 50 10 10 10 10 10 10 10 10 10 10 10 10 10
10 10 50 25 10 25 50 10 10 10 10 10 10 10 10 10 10 10 10 10
10 10 50 25 10 25 50 10 10 10 10 10 10 10 10 10 10 10 10 10
10 10 50 25 10 25 50 10 10 10 10 10 10 10 10 10 10 10 10 10
10 10 50 25 10 25 50 10 10 10 10 10 10 10 10 10 10 10 10 10
10 10 50 25 10 25 50 10 10 10 10 10 10 10 10 10 10 10 10 10
