200
49 116
4 62
174 24
123 72
24 111
37 156
84 84
74 173
190 78
63 142
61 117
171 184
66 32
101 128
106 151
33 132
123 159
6 31
13 107
33 127
97 94
84 164
172 76
138 32
110 146
142 188
81 151
72 115
153 153
31 190
67 119
142 150
195 137
39 199
95 179
166 142
26 54
78 37
114 144
121 179
79 79
0 37
54 41
120 173
41 14
169 74
44 106
149 35
39 185
173 169
136 140
108 178
72 191
105 161
40 14
54 198
9 18
35 51
108 18
123 86
169 18
75 19
42 12
157 32
15 148
76 162
162 183
174 9
172 39
102 14
140 186
198 168
64 81
59 56
45 10
19 14
98 54
84 41
178 137
6 116
81 66
184 10
164 3
96 73
167 36
97 77
50 9
135 22
126 195
123 172
21 94
71 33
162 141
137 13
37 86
48 98
116 107
5 39
154 127
97 118
128 145
60 134
132 15
152 189
54 153
45 150
140 28
159 34
53 112
52 22
109 114
83 63
78 73
199 91
67 174
83 186
52 182
100 198
116 66
178 144
184 149
149 21
21 113
170 12
178 168
66 179
51 9
198 173
83 37
113 36
18 48
139 18
199 133
173 23
171 79
163 18
56 49
48 169
15 51
183 68
181 102
94 94
163 150
98 98
134 66
50 79
58 129
38 105
65 56
57 16
61 61
123 124
12 119
140 141
96 162
198 55
38 172
77 173
170 56
121 57
177 140
55 136
116 187
8 168
5 9
132 166
67 176
93 46
99 90
18 18
124 160
102 40
19 185
17 99
5 151
111 143
12 141
171 50
65 65
169 89
138 151
133 81
124 104
22 74
41 89
43 111
8 94
8 165
162 162
81 69
89 105
166 128
106 41
22 58
140 103
193 89
126 74
78 177
60 138
116 42
