1349093984
637462461
943733854
1023851302
1188563151
675963909
678240836
834843121
539254669
1108785210
683763186
950193777
967722134
746650967
1057425743
1234825963
1343947755
586794307
1409082186
1041888287
692519331
728567660
458467694
737308694
668819866
1084913506
894714284
808609250
628121091
846808327
1147654238
1059915664
1166155523
1226498052
524373670
639747153
968149279
435308560
1045797177
1172592121
754401246
902450231
1075085200
700098622
627333690
1185434931
911784639
947088393
486120765
758317961
783468485
904507771
693478959
1078955859
443668225
1017171684
681316680
889754945
967989808
1051129916
584938172
854117500
656003806
475660385
1181732665
683556692
516475799
800247791
555696658
908195600
934945627
604461112
1101387293
901176958
715951640
511033225
1118061517
765348479
1134751649
1155285987
924028519
987021694
417668809
975272180
763821716
758100429
522993292
1340109552
1049558309
1240674964
1206201138
1279479765
813313363
1179846385
1116146337
570582627
480254935
1130969846
486814102
817207855
